Score=0.113643478751
[0.020001269015158037, 0.047037617023876613, -0.07302908907513592, 1.4, 1.4, 1.4485383177580946, 1.5209729101976148, 1.4, 1.5805741423709863, 0.19464723646907803, 0.3044210590039149, 0.39210873538493685, 0.47263842588004557, 0.6012071064569343, 0.799429510796092]

Score=0.488597099613
[0.020255280578607072, 0.047037617023876613, -0.07302908907513592, 1.4, 1.4, 1.4485383177580946, 1.4, 1.4, 1.5805741423709863, 0.19464723646907803, 0.3044210590039149, 0.39210873538493685, 0.47263842588004557, 0.6012071064569343, 0.799429510796092]

Score=0.465268406189
[0.020001269015158037, 0.047037617023876613, -0.07302908907513592, 1.4, 1.4, 1.4485383177580946, 1.4, 1.4, 1.5805741423709863, 0.19464723646907803, 0.3044210590039149, 0.39210873538493685, 0.47263842588004557, 0.6012071064569343, 0.799429510796092]

Score=0.124516474862
[0.020001269015158037, 0.047037617023876613, -0.07302908907513592, 1.4, 1.4, 1.4485383177580946, 1.5209729101976148, 1.4, 1.5805741423709863, 0.19464723646907803, 0.3044210590039149, 0.39210873538493685, 0.47263842588004557, 0.6012071064569343, 0.799429510796092]

Score=0.114284099415
[0.019152165556650547, 0.047037617023876613, -0.07302908907513592, 1.4, 1.4, 1.4485383177580946, 1.5209729101976148, 1.4, 1.5805741423709863, 0.19464723646907803, 0.3044210590039149, 0.39210873538493685, 0.47263842588004557, 0.6012071064569343, 0.799429510796092]

Score=0.114258064459
[0.019152165556650547, 0.047037617023876613, -0.07302908907513592, 1.4, 1.4, 1.4485383177580946, 1.5209729101976148, 1.4, 1.5805741423709863, 0.19464723646907803, 0.3044210590039149, 0.39210873538493685, 0.47263842588004557, 0.6012071064569343, 0.799429510796092]

Score=0.116454034003
[0.020001269015158037, 0.047037617023876613, -0.07302908907513592, 1.4, 1.4, 1.4485383177580946, 1.5209729101976148, 1.4, 1.5805741423709863, 0.19464723646907803, 0.3044210590039149, 0.39210873538493685, 0.47263842588004557, 0.6012071064569343, 0.799429510796092]

Score=0.114098707449
[0.019152165556650547, 0.047037617023876613, -0.07302908907513592, 1.4, 1.4, 1.4485383177580946, 1.5209729101976148, 1.4, 1.5805741423709863, 0.19464723646907803, 0.3044210590039149, 0.39210873538493685, 0.47263842588004557, 0.6012071064569343, 0.799429510796092]

Score=0.114283700553
[0.019152165556650547, 0.047037617023876613, -0.07302908907513592, 1.4, 1.4, 1.4485383177580946, 1.5209729101976148, 1.4, 1.5805741423709863, 0.19464723646907803, 0.3044210590039149, 0.39210873538493685, 0.47263842588004557, 0.6012071064569343, 0.799429510796092]

Score=0.114007241677
[0.020001269015158037, 0.047037617023876613, -0.07302908907513592, 1.4, 1.4, 1.4485383177580946, 1.5209729101976148, 1.4, 1.5805741423709863, 0.19464723646907803, 0.3044210590039149, 0.39210873538493685, 0.47263842588004557, 0.6012071064569343, 0.799429510796092]

Score=0.49965092661
[0.020001269015158037, 0.047037617023876613, -0.07302908907513592, 1.4, 1.4, 1.4485383177580946, 1.5209729101976148, 1.4, 1.5805741423709863, 0.19464723646907803, 0.3044210590039149, 0.39210873538493685, 0, 0.6012071064569343, 0.799429510796092]

Score=0.115269550496
[0.019152165556650547, 0.047037617023876613, -0.07302908907513592, 1.4, 1.4, 1.4485383177580946, 1.5209729101976148, 1.4, 1.5805741423709863, 0.19464723646907803, 0.3044210590039149, 0.39210873538493685, 0.47263842588004557, 0.6012071064569343, 0.799429510796092]

Score=0.472517785556
[0.019152165556650547, 0.047037617023876613, -0.07302908907513592, 1.4, 1.4, 1.4485383177580946, 1.5209729101976148, 1.4, 1.5805741423709863, 0.19464723646907803, 0.3044210590039149, 0.39210873538493685, 0.47263842588004557, 0.6012071064569343, 0.027371876783873726]

Score=0.114113360129
[0.020001269015158037, 0.047037617023876613, -0.07302908907513592, 1.4, 1.4, 1.4485383177580946, 1.5209729101976148, 1.4, 1.5805741423709863, 0.19464723646907803, 0.3044210590039149, 0.39210873538493685, 0.47263842588004557, 0.6012071064569343, 0.799429510796092]

Score=0.115183783177
[0.019432578480160494, 0.047037617023876613, -0.07302908907513592, 1.4, 1.4, 1.4485383177580946, 1.5209729101976148, 1.4, 1.5805741423709863, 0.19464723646907803, 0.3044210590039149, 0.39210873538493685, 0.47263842588004557, 0.6012071064569343, 0.799429510796092]

Score=0.114435113329
[0.018669095290911007, 0.047037617023876613, -0.07302908907513592, 1.4, 1.4, 1.4485383177580946, 1.5209729101976148, 1.4, 1.5805741423709863, 0.19464723646907803, 0.3044210590039149, 0.39210873538493685, 0.47263842588004557, 0.6012071064569343, 0.799429510796092]

Score=0.114714001846
[0.020001269015158037, 0.047037617023876613, -0.07302908907513592, 1.4, 1.4, 1.4485383177580946, 1.5209729101976148, 1.4, 1.5805741423709863, 0.19464723646907803, 0.3044210590039149, 0.39210873538493685, 0.47263842588004557, 0.6012071064569343, 0.799429510796092]

Score=0.246506968104
[0.020001269015158037, 0.047037617023876613, -0.07302908907513592, 1.4, 1.4, 1.4485383177580946, 1.5209729101976148, 1.4, 1.5805741423709863, 0.19464723646907803, 0.3044210590039149, 0.061278299097839474, 0.47263842588004557, 0.6012071064569343, 0.799429510796092]

Score=0.114074723285
[0.020255280578607072, 0.047037617023876613, -0.07302908907513592, 1.4, 1.4, 1.4485383177580946, 1.5209729101976148, 1.4, 1.5805741423709863, 0.19464723646907803, 0.3044210590039149, 0.39210873538493685, 0.47263842588004557, 0.6012071064569343, 0.799429510796092]

Score=0.114112955389
[0.020001269015158037, 0.047037617023876613, -0.07302908907513592, 1.4, 1.4, 1.4485383177580946, 1.5209729101976148, 1.4, 1.5805741423709863, 0.19464723646907803, 0.3044210590039149, 0.39210873538493685, 0.47263842588004557, 0.6012071064569343, 0.799429510796092]

Score=0.11418165138
[0.020255280578607072, 0.047037617023876613, -0.07302908907513592, 1.4, 1.4, 1.4485383177580946, 1.5209729101976148, 1.4, 1.5805741423709863, 0.19464723646907803, 0.3044210590039149, 0.39210873538493685, 0.47263842588004557, 0.6012071064569343, 0.799429510796092]

Score=0.115912548555
[0.020255280578607072, 0.047037617023876613, -0.07302908907513592, 1.4, 1.4, 1.4485383177580946, 1.5209729101976148, 1.4, 1.5805741423709863, 0.19464723646907803, 0.3044210590039149, 0.39210873538493685, 0.47263842588004557, 0.6012071064569343, 0.799429510796092]

Score=0.120144398675
[0.020255280578607072, 0.047037617023876613, -0.07302908907513592, 1.4, 1.4, 1.4485383177580946, 1.5209729101976148, 1.4, 1.5805741423709863, 0.19464723646907803, 0.3044210590039149, 0.39210873538493685, 0.47263842588004557, 0.6012071064569343, 0.799429510796092]

Score=0.114083245226
[0.020001269015158037, 0.047037617023876613, -0.07302908907513592, 1.4, 1.4, 1.4485383177580946, 1.5209729101976148, 1.4, 1.5805741423709863, 0.19464723646907803, 0.3044210590039149, 0.39210873538493685, 0.47263842588004557, 0.6012071064569343, 0.799429510796092]

Score=0.114097916255
[0.020001269015158037, 0.047037617023876613, -0.07302908907513592, 1.4, 1.4, 1.4485383177580946, 1.5209729101976148, 1.4, 1.5805741423709863, 0.19464723646907803, 0.3044210590039149, 0.39210873538493685, 0.47263842588004557, 0.6012071064569343, 0.799429510796092]

Score=0.114219844632
[0.020255280578607072, 0.047037617023876613, -0.07302908907513592, 1.4, 1.4, 1.4485383177580946, 1.5209729101976148, 1.4, 1.5805741423709863, 0.19464723646907803, 0.3044210590039149, 0.39210873538493685, 0.47263842588004557, 0.6012071064569343, 0.799429510796092]

Score=0.262204868711
[0.020255280578607072, 0.047037617023876613, -0.07302908907513592, 1.4, 1.4, 1.4485383177580946, 1.5209729101976148, 1.4, 1.5805741423709863, 0.19464723646907803, 0.3044210590039149, 0, 0.47263842588004557, 0.6012071064569343, 0.799429510796092]

Score=0.152207621893
[0.020255280578607072, 0.047037617023876613, -0.07302908907513592, 1.4, 1.4, 1.4485383177580946, 1.5209729101976148, 1.4, 1.5805741423709863, 0.19464723646907803, 0.3044210590039149, 0.39210873538493685, 0.47263842588004557, 0.6012071064569343, 0.799429510796092]

Score=0.124372917478
[0.020001269015158037, 0.047037617023876613, -0.07302908907513592, 1.4, 1.4, 1.4485383177580946, 1.5209729101976148, 1.4, 1.5805741423709863, 0.19464723646907803, 0.3044210590039149, 0.39210873538493685, 0.47263842588004557, 0.6012071064569343, 0.799429510796092]

Score=0.113858916893
[0.020255280578607072, 0.047037617023876613, -0.07302908907513592, 1.4, 1.4, 1.4485383177580946, 1.5209729101976148, 1.4, 1.5805741423709863, 0.19464723646907803, 0.3044210590039149, 0.39210873538493685, 0.47263842588004557, 0.6012071064569343, 0.799429510796092]




Final Population
[0.020001269015158037, 0.047037617023876613, -0.07302908907513592, 1.4, 1.4, 1.4485383177580946, 1.5209729101976148, 1.4, 1.5805741423709863, 0.19464723646907803, 0.3044210590039149, 0.39210873538493685, 0.47263842588004557, 0.6012071064569343, 0.799429510796092]
[0.020255280578607072, 0.047037617023876613, -0.07302908907513592, 1.4, 1.4, 1.4485383177580946, 1.4, 1.4, 1.5805741423709863, 0.19464723646907803, 0.3044210590039149, 0.39210873538493685, 0.47263842588004557, 0.6012071064569343, 0.799429510796092]
[0.020001269015158037, 0.047037617023876613, -0.07302908907513592, 1.4, 1.4, 1.4485383177580946, 1.4, 1.4, 1.5805741423709863, 0.19464723646907803, 0.3044210590039149, 0.39210873538493685, 0.47263842588004557, 0.6012071064569343, 0.799429510796092]
[0.020001269015158037, 0.047037617023876613, -0.07302908907513592, 1.4, 1.4, 1.4485383177580946, 1.5209729101976148, 1.4, 1.5805741423709863, 0.19464723646907803, 0.3044210590039149, 0.39210873538493685, 0.47263842588004557, 0.6012071064569343, 0.799429510796092]
[0.019152165556650547, 0.047037617023876613, -0.07302908907513592, 1.4, 1.4, 1.4485383177580946, 1.5209729101976148, 1.4, 1.5805741423709863, 0.19464723646907803, 0.3044210590039149, 0.39210873538493685, 0.47263842588004557, 0.6012071064569343, 0.799429510796092]
[0.019152165556650547, 0.047037617023876613, -0.07302908907513592, 1.4, 1.4, 1.4485383177580946, 1.5209729101976148, 1.4, 1.5805741423709863, 0.19464723646907803, 0.3044210590039149, 0.39210873538493685, 0.47263842588004557, 0.6012071064569343, 0.799429510796092]
[0.020001269015158037, 0.047037617023876613, -0.07302908907513592, 1.4, 1.4, 1.4485383177580946, 1.5209729101976148, 1.4, 1.5805741423709863, 0.19464723646907803, 0.3044210590039149, 0.39210873538493685, 0.47263842588004557, 0.6012071064569343, 0.799429510796092]
[0.019152165556650547, 0.047037617023876613, -0.07302908907513592, 1.4, 1.4, 1.4485383177580946, 1.5209729101976148, 1.4, 1.5805741423709863, 0.19464723646907803, 0.3044210590039149, 0.39210873538493685, 0.47263842588004557, 0.6012071064569343, 0.799429510796092]
[0.019152165556650547, 0.047037617023876613, -0.07302908907513592, 1.4, 1.4, 1.4485383177580946, 1.5209729101976148, 1.4, 1.5805741423709863, 0.19464723646907803, 0.3044210590039149, 0.39210873538493685, 0.47263842588004557, 0.6012071064569343, 0.799429510796092]
[0.020001269015158037, 0.047037617023876613, -0.07302908907513592, 1.4, 1.4, 1.4485383177580946, 1.5209729101976148, 1.4, 1.5805741423709863, 0.19464723646907803, 0.3044210590039149, 0.39210873538493685, 0.47263842588004557, 0.6012071064569343, 0.799429510796092]
[0.020001269015158037, 0.047037617023876613, -0.07302908907513592, 1.4, 1.4, 1.4485383177580946, 1.5209729101976148, 1.4, 1.5805741423709863, 0.19464723646907803, 0.3044210590039149, 0.39210873538493685, 0, 0.6012071064569343, 0.799429510796092]
[0.019152165556650547, 0.047037617023876613, -0.07302908907513592, 1.4, 1.4, 1.4485383177580946, 1.5209729101976148, 1.4, 1.5805741423709863, 0.19464723646907803, 0.3044210590039149, 0.39210873538493685, 0.47263842588004557, 0.6012071064569343, 0.799429510796092]
[0.019152165556650547, 0.047037617023876613, -0.07302908907513592, 1.4, 1.4, 1.4485383177580946, 1.5209729101976148, 1.4, 1.5805741423709863, 0.19464723646907803, 0.3044210590039149, 0.39210873538493685, 0.47263842588004557, 0.6012071064569343, 0.027371876783873726]
[0.020001269015158037, 0.047037617023876613, -0.07302908907513592, 1.4, 1.4, 1.4485383177580946, 1.5209729101976148, 1.4, 1.5805741423709863, 0.19464723646907803, 0.3044210590039149, 0.39210873538493685, 0.47263842588004557, 0.6012071064569343, 0.799429510796092]
[0.019432578480160494, 0.047037617023876613, -0.07302908907513592, 1.4, 1.4, 1.4485383177580946, 1.5209729101976148, 1.4, 1.5805741423709863, 0.19464723646907803, 0.3044210590039149, 0.39210873538493685, 0.47263842588004557, 0.6012071064569343, 0.799429510796092]
[0.018669095290911007, 0.047037617023876613, -0.07302908907513592, 1.4, 1.4, 1.4485383177580946, 1.5209729101976148, 1.4, 1.5805741423709863, 0.19464723646907803, 0.3044210590039149, 0.39210873538493685, 0.47263842588004557, 0.6012071064569343, 0.799429510796092]
[0.020001269015158037, 0.047037617023876613, -0.07302908907513592, 1.4, 1.4, 1.4485383177580946, 1.5209729101976148, 1.4, 1.5805741423709863, 0.19464723646907803, 0.3044210590039149, 0.39210873538493685, 0.47263842588004557, 0.6012071064569343, 0.799429510796092]
[0.020001269015158037, 0.047037617023876613, -0.07302908907513592, 1.4, 1.4, 1.4485383177580946, 1.5209729101976148, 1.4, 1.5805741423709863, 0.19464723646907803, 0.3044210590039149, 0.061278299097839474, 0.47263842588004557, 0.6012071064569343, 0.799429510796092]
[0.020255280578607072, 0.047037617023876613, -0.07302908907513592, 1.4, 1.4, 1.4485383177580946, 1.5209729101976148, 1.4, 1.5805741423709863, 0.19464723646907803, 0.3044210590039149, 0.39210873538493685, 0.47263842588004557, 0.6012071064569343, 0.799429510796092]
[0.020001269015158037, 0.047037617023876613, -0.07302908907513592, 1.4, 1.4, 1.4485383177580946, 1.5209729101976148, 1.4, 1.5805741423709863, 0.19464723646907803, 0.3044210590039149, 0.39210873538493685, 0.47263842588004557, 0.6012071064569343, 0.799429510796092]
[0.020255280578607072, 0.047037617023876613, -0.07302908907513592, 1.4, 1.4, 1.4485383177580946, 1.5209729101976148, 1.4, 1.5805741423709863, 0.19464723646907803, 0.3044210590039149, 0.39210873538493685, 0.47263842588004557, 0.6012071064569343, 0.799429510796092]
[0.020255280578607072, 0.047037617023876613, -0.07302908907513592, 1.4, 1.4, 1.4485383177580946, 1.5209729101976148, 1.4, 1.5805741423709863, 0.19464723646907803, 0.3044210590039149, 0.39210873538493685, 0.47263842588004557, 0.6012071064569343, 0.799429510796092]
[0.020255280578607072, 0.047037617023876613, -0.07302908907513592, 1.4, 1.4, 1.4485383177580946, 1.5209729101976148, 1.4, 1.5805741423709863, 0.19464723646907803, 0.3044210590039149, 0.39210873538493685, 0.47263842588004557, 0.6012071064569343, 0.799429510796092]
[0.020001269015158037, 0.047037617023876613, -0.07302908907513592, 1.4, 1.4, 1.4485383177580946, 1.5209729101976148, 1.4, 1.5805741423709863, 0.19464723646907803, 0.3044210590039149, 0.39210873538493685, 0.47263842588004557, 0.6012071064569343, 0.799429510796092]
[0.020001269015158037, 0.047037617023876613, -0.07302908907513592, 1.4, 1.4, 1.4485383177580946, 1.5209729101976148, 1.4, 1.5805741423709863, 0.19464723646907803, 0.3044210590039149, 0.39210873538493685, 0.47263842588004557, 0.6012071064569343, 0.799429510796092]
[0.020255280578607072, 0.047037617023876613, -0.07302908907513592, 1.4, 1.4, 1.4485383177580946, 1.5209729101976148, 1.4, 1.5805741423709863, 0.19464723646907803, 0.3044210590039149, 0.39210873538493685, 0.47263842588004557, 0.6012071064569343, 0.799429510796092]
[0.020255280578607072, 0.047037617023876613, -0.07302908907513592, 1.4, 1.4, 1.4485383177580946, 1.5209729101976148, 1.4, 1.5805741423709863, 0.19464723646907803, 0.3044210590039149, 0, 0.47263842588004557, 0.6012071064569343, 0.799429510796092]
[0.020255280578607072, 0.047037617023876613, -0.07302908907513592, 1.4, 1.4, 1.4485383177580946, 1.5209729101976148, 1.4, 1.5805741423709863, 0.19464723646907803, 0.3044210590039149, 0.39210873538493685, 0.47263842588004557, 0.6012071064569343, 0.799429510796092]
[0.020001269015158037, 0.047037617023876613, -0.07302908907513592, 1.4, 1.4, 1.4485383177580946, 1.5209729101976148, 1.4, 1.5805741423709863, 0.19464723646907803, 0.3044210590039149, 0.39210873538493685, 0.47263842588004557, 0.6012071064569343, 0.799429510796092]
[0.020255280578607072, 0.047037617023876613, -0.07302908907513592, 1.4, 1.4, 1.4485383177580946, 1.5209729101976148, 1.4, 1.5805741423709863, 0.19464723646907803, 0.3044210590039149, 0.39210873538493685, 0.47263842588004557, 0.6012071064569343, 0.799429510796092]
