Score=0.119593027111
[8.8295139469861394e-05, 0.00853638771218762, -0.05636162807611381, 1.5096063315751849, 1.4, 1.4, 1.4, 1.4, 1.598776204548839, 0.051817834606890843, 0.12792194206927254, 0.7818899385421361, 0, 0, 0.04722269593218744]

Score=0.010728371935
[8.8295139469861394e-05, 0.00853638771218762, -0.05636162807611381, 1.5096063315751849, 1.4, 1.4, 1.4, 1.4, 1.598776204548839, 0.051817834606890843, 0.11715290812426982, 0.7818899385421361, 0, 0, 0.04722269593218744]

Score=0.0928781456893
[8.8295139469861394e-05, 0.00853638771218762, -0.05636162807611381, 1.5096063315751849, 1.4, 1.4, 1.4, 1.4, 1.598776204548839, 0.051817834606890843, 0.12792194206927254, 0.7818899385421361, 0, 0, 0.04722269593218744]

Score=0.0503888265271
[8.8295139469861394e-05, 0.00853638771218762, -0.05636162807611381, 1.5096063315751849, 1.4, 1.4, 1.4, 1.4, 1.598776204548839, 0.051817834606890843, 0.11715290812426982, 0.7818899385421361, 0, 0, 0.04722269593218744]

Score=0.0811582842872
[8.8295139469861394e-05, 0.00853638771218762, -0.05636162807611381, 1.5096063315751849, 1.4, 1.4, 1.4, 1.4, 1.598776204548839, 0.051817834606890843, 0.11715290812426982, 0.7818899385421361, 0, 0.088577840154420856, 0.04722269593218744]

Score=0.0229963941122
[8.8295139469861394e-05, 0.00853638771218762, -0.05636162807611381, 1.5096063315751849, 1.4, 1.4, 1.4, 1.4, 1.598776204548839, 0.051817834606890843, 0.11715290812426982, 0.7818899385421361, 0, 0, 0.04722269593218744]

Score=0.0278644617246
[8.8295139469861394e-05, 0.00853638771218762, -0.05636162807611381, 1.5096063315751849, 1.4, 1.4, 1.4, 1.4, 1.598776204548839, 0.051817834606890843, 0.12792194206927254, 0.7818899385421361, 0, 0, 0.04722269593218744]

Score=0.0180697862636
[8.8295139469861394e-05, 0.00853638771218762, -0.05636162807611381, 1.5096063315751849, 1.4, 1.4, 1.4, 1.4, 1.598776204548839, 0.051817834606890843, 0.11715290812426982, 0.7818899385421361, 0, 0.088577840154420856, 0.04722269593218744]

Score=0.058827699515
[8.8295139469861394e-05, 0.00853638771218762, -0.05636162807611381, 1.5096063315751849, 1.4, 1.4, 1.4, 1.4, 1.598776204548839, 0.051817834606890843, 0.11715290812426982, 0.7818899385421361, 0, 0.088577840154420856, 0.04722269593218744]

Score=0.0504852652643
[8.8295139469861394e-05, 0.00853638771218762, -0.05636162807611381, 1.5096063315751849, 1.4, 1.4, 1.4, 1.4, 1.598776204548839, 0.051817834606890843, 0.11715290812426982, 0.7818899385421361, 0, 0.019165587298511415, 0.04722269593218744]

Score=0.0327058087958
[8.8295139469861394e-05, 0.00853638771218762, -0.05636162807611381, 1.5096063315751849, 1.4, 1.4, 1.4, 1.4, 1.598776204548839, 0.051817834606890843, 0.11715290812426982, 0.7818899385421361, 0.028518002772744792, 0.088577840154420856, 0.04722269593218744]

Score=0.0404516750402
[8.8295139469861394e-05, 0.00853638771218762, -0.05636162807611381, 1.5096063315751849, 1.4, 1.4, 1.4, 1.4, 1.598776204548839, 0.051817834606890843, 0.11715290812426982, 0.7818899385421361, 0, 0.088577840154420856, 0.04722269593218744]

Score=0.115361921681
[8.8295139469861394e-05, 0.00853638771218762, -0.05636162807611381, 1.5096063315751849, 1.4, 1.4, 1.4, 1.4, 1.598776204548839, 0.051817834606890843, 0.11715290812426982, 0.7818899385421361, 0, 0.088577840154420856, 0.04722269593218744]

Score=0.0687488978929
[8.8295139469861394e-05, 0.00853638771218762, -0.05636162807611381, 1.5096063315751849, 1.4, 1.4, 1.4, 1.4, 1.598776204548839, 0, 0.11715290812426982, 0.7818899385421361, 0, 0.019165587298511415, 0.04722269593218744]

Score=0.012066478614
[8.8295139469861394e-05, 0.00853638771218762, -0.05636162807611381, 1.5096063315751849, 1.4, 1.4, 1.4, 1.4, 1.598776204548839, 0.051817834606890843, 0.11715290812426982, 0.7818899385421361, 0.028518002772744792, 0.088577840154420856, 0.04722269593218744]

Score=0.0417960660501
[8.8295139469861394e-05, 0.00853638771218762, -0.05636162807611381, 1.5096063315751849, 1.4, 1.4, 1.4, 1.4, 1.598776204548839, 0.051817834606890843, 0.11715290812426982, 0.7818899385421361, 0.028518002772744792, 0.088577840154420856, 0.04722269593218744]

Score=0.0702323113502
[8.8295139469861394e-05, 0.00853638771218762, -0.05636162807611381, 1.5096063315751849, 1.4, 1.4, 1.4, 1.4, 1.598776204548839, 0.051817834606890843, 0.11715290812426982, 0.7818899385421361, 0.028518002772744792, 0.088577840154420856, 0.04722269593218744]

Score=0.0307090190594
[8.8295139469861394e-05, 0.00853638771218762, -0.05636162807611381, 1.5096063315751849, 1.4, 1.4, 1.4, 1.4, 1.598776204548839, 0.051817834606890843, 0.093823233062943823, 0.7818899385421361, 0, 0.088577840154420856, 0.04722269593218744]

Score=0.275244963829
[8.8295139469861394e-05, 0.00853638771218762, 0.00011514842887760725, 1.5096063315751849, 1.4, 1.4, 1.4, 1.4, 1.598776204548839, 0.051817834606890843, 0.11715290812426982, 0.7818899385421361, 0.028518002772744792, 0.088577840154420856, 0.04722269593218744]

Score=0.447497177297
[8.8295139469861394e-05, 0.00853638771218762, -0.05636162807611381, 1.5096063315751849, 1.4, 1.4, 1.4, 1.4, 1.598776204548839, 0.051817834606890843, 0.11715290812426982, 0, 0.028518002772744792, 0.088577840154420856, 0.04722269593218744]

Score=0.0799620520409
[8.8295139469861394e-05, 0.00853638771218762, -0.05636162807611381, 1.5096063315751849, 1.4, 1.4, 1.4, 1.4, 1.598776204548839, 0, 0.093823233062943823, 0.7818899385421361, 0, 0.088577840154420856, 0.04722269593218744]

Score=0.0772246977373
[8.8295139469861394e-05, 0.00853638771218762, -0.05636162807611381, 1.5096063315751849, 1.4, 1.4, 1.4, 1.4, 1.598776204548839, 0, 0.093823233062943823, 0.7818899385421361, 0, 0.088577840154420856, 0.04722269593218744]

Score=0.267700203997
[-0.0016419289985517098, 0.00853638771218762, -0.05636162807611381, 1.5096063315751849, 1.4, 1.4, 1.4, 1.4, 1.598776204548839, 0, 0.013801278426958016, 0.7818899385421361, 0, 0.088577840154420856, 0.04722269593218744]

Score=0.0114597992011
[8.8295139469861394e-05, 0.00853638771218762, -0.05636162807611381, 1.5096063315751849, 1.4, 1.4, 1.4, 1.4, 1.598776204548839, 0.080666744882023939, 0.12792194206927254, 0.7818899385421361, 0, 0.088577840154420856, 0.04722269593218744]

Score=0.0695166197203
[8.8295139469861394e-05, 0.00853638771218762, -0.05636162807611381, 1.5096063315751849, 1.4, 1.4, 1.4, 1.4, 1.598776204548839, 0.080666744882023939, 0.12792194206927254, 0.7818899385421361, 0, 0.088577840154420856, 0.04722269593218744]

Score=0.0124609331439
[8.8295139469861394e-05, 0.00853638771218762, -0.05636162807611381, 1.5096063315751849, 1.4, 1.4, 1.4, 1.4, 1.598776204548839, 0.080666744882023939, 0.12792194206927254, 0.7818899385421361, 0, 0.088577840154420856, 0.04722269593218744]

Score=0.239992711026
[8.8295139469861394e-05, 0.00853638771218762, -0.0011727364427854402, 1.5096063315751849, 1.4, 1.4, 1.4, 1.4, 1.598776204548839, 0, 0.093823233062943823, 0.7818899385421361, 0, 0.088577840154420856, 0.04722269593218744]

Score=0.0117066866473
[8.8295139469861394e-05, 0.00853638771218762, -0.05636162807611381, 1.5096063315751849, 1.4, 1.4, 1.4, 1.4, 1.598776204548839, 0, 0.12792194206927254, 0.7818899385421361, 0, 0.088577840154420856, 0.04722269593218744]

Score=0.0670780523889
[8.8295139469861394e-05, 0.00853638771218762, -0.05636162807611381, 1.5096063315751849, 1.4, 1.4, 1.4, 1.4, 1.598776204548839, 0.080666744882023939, 0.12792194206927254, 0.7818899385421361, 0, 0.088577840154420856, 0.04722269593218744]

Score=0.0648340243252
[8.8295139469861394e-05, 0.00853638771218762, -0.05636162807611381, 1.5096063315751849, 1.4, 1.4, 1.4, 1.4, 1.598776204548839, 0.051817834606890843, 0.093823233062943823, 0.7818899385421361, 0, 0.088577840154420856, 0.04722269593218744]




Final Population
[8.8295139469861394e-05, 0.00853638771218762, -0.05636162807611381, 1.5096063315751849, 1.4, 1.4, 1.4, 1.4, 1.598776204548839, 0.051817834606890843, 0.12792194206927254, 0.7818899385421361, 0, 0, 0.04722269593218744]
[8.8295139469861394e-05, 0.00853638771218762, -0.05636162807611381, 1.5096063315751849, 1.4, 1.4, 1.4, 1.4, 1.598776204548839, 0.051817834606890843, 0.11715290812426982, 0.7818899385421361, 0, 0, 0.04722269593218744]
[8.8295139469861394e-05, 0.00853638771218762, -0.05636162807611381, 1.5096063315751849, 1.4, 1.4, 1.4, 1.4, 1.598776204548839, 0.051817834606890843, 0.12792194206927254, 0.7818899385421361, 0, 0, 0.04722269593218744]
[8.8295139469861394e-05, 0.00853638771218762, -0.05636162807611381, 1.5096063315751849, 1.4, 1.4, 1.4, 1.4, 1.598776204548839, 0.051817834606890843, 0.11715290812426982, 0.7818899385421361, 0, 0, 0.04722269593218744]
[8.8295139469861394e-05, 0.00853638771218762, -0.05636162807611381, 1.5096063315751849, 1.4, 1.4, 1.4, 1.4, 1.598776204548839, 0.051817834606890843, 0.11715290812426982, 0.7818899385421361, 0, 0.088577840154420856, 0.04722269593218744]
[8.8295139469861394e-05, 0.00853638771218762, -0.05636162807611381, 1.5096063315751849, 1.4, 1.4, 1.4, 1.4, 1.598776204548839, 0.051817834606890843, 0.11715290812426982, 0.7818899385421361, 0, 0, 0.04722269593218744]
[8.8295139469861394e-05, 0.00853638771218762, -0.05636162807611381, 1.5096063315751849, 1.4, 1.4, 1.4, 1.4, 1.598776204548839, 0.051817834606890843, 0.12792194206927254, 0.7818899385421361, 0, 0, 0.04722269593218744]
[8.8295139469861394e-05, 0.00853638771218762, -0.05636162807611381, 1.5096063315751849, 1.4, 1.4, 1.4, 1.4, 1.598776204548839, 0.051817834606890843, 0.11715290812426982, 0.7818899385421361, 0, 0.088577840154420856, 0.04722269593218744]
[8.8295139469861394e-05, 0.00853638771218762, -0.05636162807611381, 1.5096063315751849, 1.4, 1.4, 1.4, 1.4, 1.598776204548839, 0.051817834606890843, 0.11715290812426982, 0.7818899385421361, 0, 0.088577840154420856, 0.04722269593218744]
[8.8295139469861394e-05, 0.00853638771218762, -0.05636162807611381, 1.5096063315751849, 1.4, 1.4, 1.4, 1.4, 1.598776204548839, 0.051817834606890843, 0.11715290812426982, 0.7818899385421361, 0, 0.019165587298511415, 0.04722269593218744]
[8.8295139469861394e-05, 0.00853638771218762, -0.05636162807611381, 1.5096063315751849, 1.4, 1.4, 1.4, 1.4, 1.598776204548839, 0.051817834606890843, 0.11715290812426982, 0.7818899385421361, 0.028518002772744792, 0.088577840154420856, 0.04722269593218744]
[8.8295139469861394e-05, 0.00853638771218762, -0.05636162807611381, 1.5096063315751849, 1.4, 1.4, 1.4, 1.4, 1.598776204548839, 0.051817834606890843, 0.11715290812426982, 0.7818899385421361, 0, 0.088577840154420856, 0.04722269593218744]
[8.8295139469861394e-05, 0.00853638771218762, -0.05636162807611381, 1.5096063315751849, 1.4, 1.4, 1.4, 1.4, 1.598776204548839, 0.051817834606890843, 0.11715290812426982, 0.7818899385421361, 0, 0.088577840154420856, 0.04722269593218744]
[8.8295139469861394e-05, 0.00853638771218762, -0.05636162807611381, 1.5096063315751849, 1.4, 1.4, 1.4, 1.4, 1.598776204548839, 0, 0.11715290812426982, 0.7818899385421361, 0, 0.019165587298511415, 0.04722269593218744]
[8.8295139469861394e-05, 0.00853638771218762, -0.05636162807611381, 1.5096063315751849, 1.4, 1.4, 1.4, 1.4, 1.598776204548839, 0.051817834606890843, 0.11715290812426982, 0.7818899385421361, 0.028518002772744792, 0.088577840154420856, 0.04722269593218744]
[8.8295139469861394e-05, 0.00853638771218762, -0.05636162807611381, 1.5096063315751849, 1.4, 1.4, 1.4, 1.4, 1.598776204548839, 0.051817834606890843, 0.11715290812426982, 0.7818899385421361, 0.028518002772744792, 0.088577840154420856, 0.04722269593218744]
[8.8295139469861394e-05, 0.00853638771218762, -0.05636162807611381, 1.5096063315751849, 1.4, 1.4, 1.4, 1.4, 1.598776204548839, 0.051817834606890843, 0.11715290812426982, 0.7818899385421361, 0.028518002772744792, 0.088577840154420856, 0.04722269593218744]
[8.8295139469861394e-05, 0.00853638771218762, -0.05636162807611381, 1.5096063315751849, 1.4, 1.4, 1.4, 1.4, 1.598776204548839, 0.051817834606890843, 0.093823233062943823, 0.7818899385421361, 0, 0.088577840154420856, 0.04722269593218744]
[8.8295139469861394e-05, 0.00853638771218762, 0.00011514842887760725, 1.5096063315751849, 1.4, 1.4, 1.4, 1.4, 1.598776204548839, 0.051817834606890843, 0.11715290812426982, 0.7818899385421361, 0.028518002772744792, 0.088577840154420856, 0.04722269593218744]
[8.8295139469861394e-05, 0.00853638771218762, -0.05636162807611381, 1.5096063315751849, 1.4, 1.4, 1.4, 1.4, 1.598776204548839, 0.051817834606890843, 0.11715290812426982, 0, 0.028518002772744792, 0.088577840154420856, 0.04722269593218744]
[8.8295139469861394e-05, 0.00853638771218762, -0.05636162807611381, 1.5096063315751849, 1.4, 1.4, 1.4, 1.4, 1.598776204548839, 0, 0.093823233062943823, 0.7818899385421361, 0, 0.088577840154420856, 0.04722269593218744]
[8.8295139469861394e-05, 0.00853638771218762, -0.05636162807611381, 1.5096063315751849, 1.4, 1.4, 1.4, 1.4, 1.598776204548839, 0, 0.093823233062943823, 0.7818899385421361, 0, 0.088577840154420856, 0.04722269593218744]
[-0.0016419289985517098, 0.00853638771218762, -0.05636162807611381, 1.5096063315751849, 1.4, 1.4, 1.4, 1.4, 1.598776204548839, 0, 0.013801278426958016, 0.7818899385421361, 0, 0.088577840154420856, 0.04722269593218744]
[8.8295139469861394e-05, 0.00853638771218762, -0.05636162807611381, 1.5096063315751849, 1.4, 1.4, 1.4, 1.4, 1.598776204548839, 0.080666744882023939, 0.12792194206927254, 0.7818899385421361, 0, 0.088577840154420856, 0.04722269593218744]
[8.8295139469861394e-05, 0.00853638771218762, -0.05636162807611381, 1.5096063315751849, 1.4, 1.4, 1.4, 1.4, 1.598776204548839, 0.080666744882023939, 0.12792194206927254, 0.7818899385421361, 0, 0.088577840154420856, 0.04722269593218744]
[8.8295139469861394e-05, 0.00853638771218762, -0.05636162807611381, 1.5096063315751849, 1.4, 1.4, 1.4, 1.4, 1.598776204548839, 0.080666744882023939, 0.12792194206927254, 0.7818899385421361, 0, 0.088577840154420856, 0.04722269593218744]
[8.8295139469861394e-05, 0.00853638771218762, -0.0011727364427854402, 1.5096063315751849, 1.4, 1.4, 1.4, 1.4, 1.598776204548839, 0, 0.093823233062943823, 0.7818899385421361, 0, 0.088577840154420856, 0.04722269593218744]
[8.8295139469861394e-05, 0.00853638771218762, -0.05636162807611381, 1.5096063315751849, 1.4, 1.4, 1.4, 1.4, 1.598776204548839, 0, 0.12792194206927254, 0.7818899385421361, 0, 0.088577840154420856, 0.04722269593218744]
[8.8295139469861394e-05, 0.00853638771218762, -0.05636162807611381, 1.5096063315751849, 1.4, 1.4, 1.4, 1.4, 1.598776204548839, 0.080666744882023939, 0.12792194206927254, 0.7818899385421361, 0, 0.088577840154420856, 0.04722269593218744]
[8.8295139469861394e-05, 0.00853638771218762, -0.05636162807611381, 1.5096063315751849, 1.4, 1.4, 1.4, 1.4, 1.598776204548839, 0.051817834606890843, 0.093823233062943823, 0.7818899385421361, 0, 0.088577840154420856, 0.04722269593218744]
