21
0.0744673762149,0.0744673634333,0.0745532703979,0.0745532981373,0.0745532602989,0.074553283732,0.074497319978,0.0744973085271,0.0747007654136,0.0744621020067,0.0744621971012,0.0744628408819,0.0744628516985,0.074462864988,0.0744628420223,0.0744628543323,0.0744628658555,0.0744628605967,0.0744628735111,0.0744673804543,0.0744673761965,

0.0744673678202,0.0744673624232,0.0744757258452,0.0745531741086,0.0745531601574,0.0745531572995,0.0744972754209,0.0744972435609,0.0747004459593,0.0744621020067,0.0744621971012,0.07446411925,0.0744641224771,0.0744641095035,0.0744641269307,0.0744628622475,0.074462864502,0.0744628478764,0.0744628469841,0.0744628527441,0.0744673636443,

0.0744641514116,0.0744757117681,0.0744673676108,0.0744756843948,0.074553018972,0.0745530024729,0.0744972215346,0.0744971703638,0.0747000477293,0.0744621020067,0.0744621971012,0.0744641040742,0.0744641204773,0.0744641156294,0.0744641259817,0.0744641093425,0.0744641258166,0.0744641241162,0.0744641006927,0.0744641165155,0.0744641529753,

0.0744641163509,0.0744641496231,0.0744756652576,0.0744756813268,0.0744794177311,0.0745528246806,0.0744971647356,0.0744971508718,0.0746996119029,0.0744621020067,0.0744621971012,0.0744641149801,0.0744641009347,0.0744641058641,0.0744641219986,0.0744641164986,0.0744641231733,0.0744641099538,0.0744641196511,0.074464120766,0.0744641163746,

0.0744641177951,0.074464128857,0.0744641463719,0.0744756396738,0.0744756423065,0.0744970462054,0.0744970640039,0.0744970924332,0.0746991320097,0.0744621020067,0.0744621971012,0.0744641143059,0.0744640972768,0.0744641048957,0.0744641225444,0.0744641133949,0.0744641040689,0.0744641257983,0.0744640979723,0.0744641058264,0.0744641184695,

0.0744640921663,0.0744641133347,0.0744641153068,0.0744641353895,0.0744756159522,0.0744756230297,0.0744969638193,0.0744969703825,0.0746986427452,0.0744621020067,0.0744621971012,0.0744673326724,0.074467330169,0.0744673358991,0.0744673372619,0.0744673355348,0.0744641060611,0.0744640906518,0.0744641096974,0.0744640998503,0.0744640921663,

0.0744673240576,0.0744673167964,0.0744641097517,0.0744641110737,0.0744641240333,0.0744755925852,0.0744968921256,0.0744969473892,0.0745522614538,0.0744621020067,0.0744621971012,0.0744673163391,0.0744673079892,0.0744673151488,0.0744673230102,0.0744673280372,0.0744673251518,0.0744673034357,0.0744673170185,0.074467307361,0.0744673240575,

0.213763541965,0.203522431074,0.193462103705,0.183632982397,0.174084879635,0.165379128661,0.499994608576,0.499995979229,0.499996122688,0.499996408093,0.265743966196,0.288204550647,0.298397313981,0.287757645504,0.277100356599,0.266441099576,0.255796540612,0.245185236511,0.234626013468,0.224142531479,0.213763616531,

0.499992176175,0.499996401351,0.499994630162,0.499992561784,0.499995946044,0.499992226574,0.499994911825,0.49999942416,0.378010456068,0.499994921838,0.382904599745,0.499995934628,0.49999430744,0.499997268311,0.499997023828,0.499992872951,0.499993678712,0.499995166069,0.499997402102,0.499995494688,0.49999217316,

0.499992905259,0.499996270762,0.499992114441,0.49999926978,0.499997453252,0.499993527422,0.499999361174,0.499994996771,0.499995031785,0.369079524582,0.306182146564,0.499999568176,0.499999160431,0.499993980057,0.499998399764,0.499992698147,0.499995447432,0.499998007717,0.499999516989,0.499998222171,0.499992916353,

0.20810910476,0.218663089848,0.229139850973,0.239510381884,0.249737989229,0.259774763287,0.269551337344,0.278906343743,0.282439225542,0.370909852663,0.330033449484,0.454637749748,0.17298978052,0.172989836068,0.172989740364,0.172989801814,0.172989899435,0.1762046583,0.186860605064,0.197501376103,0.208109236958,

0.188293401683,0.190200823117,0.200742113468,0.211197080593,0.221535637534,0.231722292072,0.241711094317,0.251436918763,0.260678185718,0.188293435186,0.420891233515,0.392633724966,0.499999397362,0.188293289754,0.188293507485,0.188293299421,0.188293498794,0.18829340546,0.188293505805,0.188293383309,0.188293435798,

0.233819812582,0.244226951437,0.254513491248,0.264636830881,0.274530959824,0.284093885179,0.293147876848,0.301249397805,0.303727831148,0.2393977455,0.239397802095,0.425174530971,0.386800487619,0.499993401175,0.239397872712,0.239397878272,0.239397883971,0.239397901062,0.232542979043,0.223328805984,0.233819803355,

0.33090126297,0.320491450324,0.310200049477,0.300081996309,0.290530366744,0.290530473174,0.290530489258,0.290530459069,0.499998027357,0.18320913426,0.49999629084,0.499994944752,0.499996131181,0.499992511475,0.425611259432,0.377743420619,0.373118805978,0.362526488754,0.351945599704,0.341396380279,0.330901331111,

0.0745519237889,0.0745518801196,0.0745519123061,0.0745518911934,0.0745519217736,0.0744967602481,0.0744967676187,0.0744967804903,0.0746971496491,0.0744621020067,0.0744623548072,0.0744623687248,0.0744623668484,0.0744640911021,0.0744640919601,0.0744641020046,0.0745519243712,0.0745519177731,0.0745519203142,0.0745519028313,0.0745519183632,

0.0745532004549,0.074553180895,0.0745531920038,0.0745532074346,0.0745531813848,0.074497267718,0.0744972891387,0.0744972588434,0.0747005252146,0.0744621020067,0.0744623526601,0.0744623726991,0.0744623626459,0.0744623763716,0.074464111957,0.0744641282292,0.0744641215782,0.0745531948324,0.0745531614694,0.074553168376,0.0745531981459,

0.0745533751407,0.0745533784107,0.0745533757879,0.0745533831449,0.0745533595901,0.0745533733451,0.0744973545871,0.0744973612685,0.0747010108556,0.0744621020067,0.0744622952832,0.074462370427,0.0744623716375,0.0744623558216,0.0744623548974,0.0744641255582,0.0744641318396,0.0744673843684,0.0745533422064,0.0745533713959,0.0745533742669,

0.0745534540802,0.074553397238,0.0745534363744,0.0745534400192,0.0745534498322,0.0745534390926,0.0744973778868,0.0744973876706,0.0747011853596,0.0744621020067,0.0744621971012,0.0744628675196,0.0744628602429,0.0744623579712,0.0744623720716,0.0744623674861,0.0744641291565,0.0744641165537,0.0744673752069,0.0745534537387,0.0745534277052,

0.0745534516755,0.0745534306487,0.0745534363859,0.0745534355928,0.0745534489625,0.0745534395768,0.0744973798772,0.0744973904375,0.0747011826141,0.0744621020067,0.0744621971012,0.0744628656607,0.074462857756,0.0744628435313,0.0744628665184,0.0744628661947,0.0744628771367,0.0744673813324,0.0744641220844,0.0744673752503,0.0745534516972,

0.0744673722007,0.0745533847984,0.0745533785121,0.0745533809404,0.0745533917628,0.0745533820942,0.0744973551019,0.0744973475668,0.0747010324368,0.0744621020067,0.0744621971012,0.0744628447336,0.0744628582444,0.0744628579397,0.0744628440671,0.0744628653503,0.0744628666158,0.0744628676243,0.0744673780636,0.0744673865062,0.0744673722506,

0.0744673762149,0.0744673634333,0.0745532703979,0.0745532981373,0.0745532602989,0.074553283732,0.074497319978,0.0744973085271,0.0747007654136,0.0744621020067,0.0744621971012,0.0744628408819,0.0744628516985,0.074462864988,0.0744628420223,0.0744628543323,0.0744628658555,0.0744628605967,0.0744628735111,0.0744673804543,0.0744673761965,

