Score=0.0955588640973
alpha=[0.0595157813250271, -0.0029768031846149345, -0.015602435924363767]
beta=[1.5582436463117462, 1.4170463626046539, 1.5809347901887916, 1.4879270555621704, 1.5491634894285604, 1.5421358862966927]
gamma=[1, 0.5581609387059693, 0.15436938569538416, 0.09990837731098723, 0.9190347603650042, 0.4813947535848109]

Score=0.0975921573821
alpha=[0.021851720513517938, -0.0021731497065341603, -0.015602435924363767]
beta=[1.4709866934732583, 1.4110954080536617, 1.5809347901887916, 1.5287184964353708, 1.4584628734545517, 1.441572683455652]
gamma=[0.5834562495886702, 0.8191303267665859, 0.15436938569538416, 0.09990837731098723, 0.7874575442804151, 0.721832275659624]

Score=0.0898472301842
alpha=[0.0595157813250271, -0.0029768031846149345, -0.015602435924363767]
beta=[1.5582436463117462, 1.4170463626046539, 1.5755956834557574, 1.4879270555621704, 1.4584628734545517, 1.5421358862966927]
gamma=[1, 0.5581609387059693, 0.15436938569538416, 0.09990837731098723, 0.2398343343221193, 0.721832275659624]

Score=0.0964129953267
alpha=[0.021851720513517938, -0.0021731497065341603, -0.015602435924363767]
beta=[1.4709866934732583, 1.4110954080536617, 1.5809347901887916, 1.5287184964353708, 1.4584628734545517, 1.441572683455652]
gamma=[0.5834562495886702, 0.8191303267665859, 0.15436938569538416, 0.09990837731098723, 0.7874575442804151, 0.721832275659624]

Score=0.0829051248356
alpha=[0.021851720513517938, -0.0021731497065341603, -0.016546155564090583]
beta=[1.5582436463117462, 1.4110954080536617, 1.5809347901887916, 1.5287184964353708, 1.4584628734545517, 1.441572683455652]
gamma=[1, 0.8191303267665859, 0.15436938569538416, 0.09990837731098723, 0.7874575442804151, 0.721832275659624]

Score=0.0772594275826
alpha=[0.0595157813250271, -0.0039081374106571011, -0.015602435924363767]
beta=[1.5637150374276778, 1.4051644344655478, 1.5793972578307558, 1.5287184964353708, 1.5685192013251685, 1.441572683455652]
gamma=[1, 0.8191303267665859, 0.15436938569538416, 0.09990837731098723, 0.9190347603650042, 0.721832275659624]

Score=0.0951951474436
alpha=[0.02127569710835733, -0.0029768031846149345, -0.015602435924363767]
beta=[1.4709866934732583, 1.4110954080536617, 1.5809347901887916, 1.5287184964353708, 1.5589363217084236, 1.5396146674398199]
gamma=[1, 0.8191303267665859, 0.15436938569538416, 0.09990837731098723, 0.2398343343221193, 0.721832275659624]

Score=0.0982015382893
alpha=[0.02136074758971333, -0.0029768031846149345, -0.015602435924363767]
beta=[1.4709866934732583, 1.4022624699746102, 1.5809347901887916, 1.5160024854002128, 1.5685192013251685, 1.5396146674398199]
gamma=[1, 0.8191303267665859, 0.15436938569538416, 0.09990837731098723, 1, 1]

Score=0.0994291811657
alpha=[0.02136074758971333, -0.0039081374106571011, -0.015602435924363767]
beta=[1.4814643818105149, 1.4064697827111661, 1.58128935505552, 1.5248908443056697, 1.5685192013251685, 1.5396146674398199]
gamma=[1, 1, 0.15436938569538416, 0.09990837731098723, 0.2398343343221193, 1]

Score=0.0932299606794
alpha=[0.02136074758971333, -0.0029586661628647985, -0.015602435924363767]
beta=[1.4814643818105149, 1.4064697827111661, 1.5809347901887916, 1.5248908443056697, 1.5685843264045849, 1.5396146674398199]
gamma=[1, 0.5581609387059693, 0.15436938569538416, 0.09990837731098723, 0.2398343343221193, 1]

Score=0.0743934474596
alpha=[0.02136074758971333, -0.0036784230444470724, -0.015602435924363767]
beta=[1.5582436463117462, 1.4110954080536617, 1.5809347901887916, 1.5224868241027081, 1.5685192013251685, 1.5377130587368268]
gamma=[1, 0.8191303267665859, 0.15436938569538416, 0.09990837731098723, 1, 1]

Score=0.0978223815302
alpha=[0.020801811684194343, -0.0039081374106571011, -0.015602435924363767]
beta=[1.5582436463117462, 1.4064697827111661, 1.5809347901887916, 1.5160024854002128, 1.5549248027427431, 1.4483255252464731]
gamma=[1, 0.5581609387059693, 0.15436938569538416, 0.09990837731098723, 1, 1]

Score=0.0947460632848
alpha=[0.021247399448460026, -0.0039081374106571011, -0.015602435924363767]
beta=[1.5582436463117462, 1.4062450353788241, 1.5809347901887916, 1.5287184964353708, 1.5685192013251685, 1.4495133735893682]
gamma=[1, 0.5581609387059693, 0.15436938569538416, 0.09990837731098723, 1, 1]

Score=0.0853375619659
alpha=[0.020347888415355668, -0.0039081374106571011, -0.015083256930081263]
beta=[1.5582436463117462, 1.4062450353788241, 1.5979985294925061, 1.5082705986474412, 1.5869065524874297, 1.4431941331221076]
gamma=[1, 0.8191303267665859, 0.15436938569538416, 0.09990837731098723, 1, 1]

Score=0.0758860328626
alpha=[0.021247399448460026, -0.0039081374106571011, -0.015083256930081263]
beta=[1.5582436463117462, 1.4062450353788241, 1.5923753842867756, 1.5082705986474412, 1.5685192013251685, 1.4431941331221076]
gamma=[1, 0.8191303267665859, 0.15436938569538416, 0.09990837731098723, 1, 1]

Score=0.0996390374947
alpha=[0.021218358384425869, -0.0045659900738017649, -0.015510970677874037]
beta=[1.5582436463117462, 1.4062450353788241, 1.5809347901887916, 1.5302496702763009, 1.5635965739392141, 1.5310861135090372]
gamma=[1, 0.8191303267665859, 0.15436938569538416, 0.09990837731098723, 1, 1]

Score=0.0945723961509
alpha=[0.01927717238428537, -0.0039081374106571011, -0.015436715661688534]
beta=[1.565557273312006, 1.4062450353788241, 1.5979985294925061, 1.5082705986474412, 1.5869065524874297, 1.5251305339660821]
gamma=[1, 0.8191303267665859, 0.15436938569538416, 0.09990837731098723, 1, 1]

Score=0.0924398913253
alpha=[0.01927717238428537, -0.0036529767927086414, -0.015510970677874037]
beta=[1.5598324932080909, 1.4066784577093949, 1.5979985294925061, 1.5218326477331803, 1.5974030028353792, 1.5396146674398199]
gamma=[1, 1, 0.15436938569538416, 0.09990837731098723, 1, 1]

