Score=0.1455527557
[0.059640379737518262, -0.056261607218822181, 0.05787763206141388, 1.5079172057177508, 1.4296188613491911, 1.4469940093072715, 1.4782720891299683, 1.4118189454147811, 1.585045364211281, 1, 0.8633762941228663, 0.8367977254790563, 0.7317433021453886, 0.4069116475113028, 0.7310871142279617]

Score=0.183225306928
[0.059950423561730255, -0.056261607218822181, 0.05787763206141388, 1.5160530016102518, 1.4296188613491911, 1.423886325724432, 1.4782720891299683, 1.4134874351041977, 1.585045364211281, 1, 0.8633762941228663, 0.8367977254790563, 0.7317433021453886, 0.4069116475113028, 0.7310871142279617]

Score=0.413873840155
[0.059640379737518262, -0.056261607218822181, 0.05787763206141388, 1.5079172057177508, 1.4296188613491911, 1.4233342179186759, 1.4782720891299683, 1.4134874351041977, 1.585045364211281, 1, 0.8633762941228663, 1, 0.7317433021453886, 0.4069116475113028, 0.7310871142279617]

Score=0.132597574297
[0.059950423561730255, -0.056261607218822181, 0.05787763206141388, 1.5160530016102518, 1.4296188613491911, 1.423886325724432, 1.4782720891299683, 1.4118189454147811, 1.585045364211281, 1, 0.8633762941228663, 0.8367977254790563, 0.7317433021453886, 0.4069116475113028, 0.7310871142279617]

Score=0.337599342836
[0.059640379737518262, -0.056261607218822181, 0.05787763206141388, 1.5160530016102518, 1.4296188613491911, 1.423886325724432, 1.4788201861286125, 1.4118189454147811, 1.585045364211281, 1, 0.8633762941228663, 0.8367977254790563, 0.7317433021453886, 0.4069116475113028, 0.7310871142279617]

Score=0.316623926535
[0.059950423561730255, -0.056590753978543781, 0.05787763206141388, 1.5079172057177508, 1.4296188613491911, 1.423886325724432, 1.4788201861286125, 1.4118189454147811, 1.585045364211281, 1, 1, 0.8367977254790563, 0.7317433021453886, 0.4069116475113028, 0.7310871142279617]

Score=0.16874813234
[0.059950423561730255, -0.056261607218822181, 0.05787763206141388, 1.5160530016102518, 1.4296188613491911, 1.423886325724432, 1.4782720891299683, 1.4118189454147811, 1.585045364211281, 1, 0.8633762941228663, 0.8367977254790563, 0.7317433021453886, 0.4069116475113028, 0.7310871142279617]

Score=0.169263937019
[0.059950423561730255, -0.056261607218822181, 0.05787763206141388, 1.5160530016102518, 1.4296188613491911, 1.423886325724432, 1.4782720891299683, 1.4118189454147811, 1.585045364211281, 1, 0.8633762941228663, 0.8367977254790563, 0.7317433021453886, 0.4069116475113028, 0.7310871142279617]

Score=0.290533019581
[0.059640379737518262, -0.056261607218822181, 0.059865526162913636, 1.5160530016102518, 1.4296188613491911, 1.423886325724432, 1.4788201861286125, 1.4134874351041977, 1.585045364211281, 1, 0.8633762941228663, 0.8367977254790563, 0.7317433021453886, 0.4069116475113028, 0.7310871142279617]

Score=0.133045338645
[0.059640379737518262, -0.056261607218822181, 0.05787763206141388, 1.5079172057177508, 1.4296188613491911, 1.423886325724432, 1.4788201861286125, 1.4134874351041977, 1.585045364211281, 1, 0.8633762941228663, 0.8367977254790563, 0.7317433021453886, 0.4069116475113028, 0.7310871142279617]

Score=0.129887521979
[0.059950423561730255, -0.056261607218822181, 0.05787763206141388, 1.5160530016102518, 1.4296188613491911, 1.423886325724432, 1.4782720891299683, 1.4085296505390086, 1.585045364211281, 1, 0.8633762941228663, 0.8367977254790563, 0.7317433021453886, 0.4069116475113028, 0.7310871142279617]

Score=0.171792080804
[0.059950423561730255, -0.056261607218822181, 0.05787763206141388, 1.5160530016102518, 1.4296188613491911, 1.4283603664532991, 1.4788201861286125, 1.4118189454147811, 1.585045364211281, 1, 0.8633762941228663, 0.8367977254790563, 0.7317433021453886, 0.4069116475113028, 0.7310871142279617]

Score=0.131701742387
[0.059640379737518262, -0.056261607218822181, 0.05787763206141388, 1.5079172057177508, 1.4296188613491911, 1.423886325724432, 1.4788201861286125, 1.4134874351041977, 1.585045364211281, 1, 0.8633762941228663, 0.8367977254790563, 0.7317433021453886, 0.4069116475113028, 0.7310871142279617]

Score=0.499486241234
[0.059640379737518262, -0.022112482890610005, 0.016045512449877616, 1.5079172057177508, 1.4296188613491911, 1.423886325724432, 1.4788201861286125, 1.4463228914169459, 1.580961067214494, 1, 1, 0.8367977254790563, 0.7317433021453886, 0.4069116475113028, 0.7310871142279617]

Score=0.301417806255
[0.059640379737518262, -0.056261607218822181, 0.05787763206141388, 1.5079172057177508, 1.4296188613491911, 1.423886325724432, 1.4788201861286125, 1.4134874351041977, 1.585045364211281, 1, 1, 0.8367977254790563, 0.7317433021453886, 0.4069116475113028, 0.7310871142279617]

Score=0.066418284011
[0.025667241206267118, -0.022112482890610005, 0.016045512449877616, 1.5064278994864366, 1.4296188613491911, 1.423886325724432, 1.4102478115353336, 1.4463228914169459, 1.580961067214494, 1, 1, 0.8367977254790563, 0.9140558796925985, 0.4069116475113028, 0.7310871142279617]

Score=0.447508750233
[0.059640379737518262, -0.05719037299744572, 0.05787763206141388, 1.5049388255753671, 1.4296188613491911, 1.423886325724432, 1.4102478115353336, 1.4134874351041977, 1.570564248497728, 1, 0.8633762941228663, 0.8367977254790563, 0.9140558796925985, 0.4069116475113028, 0.7310871142279617]

Score=0.419654320971
[0.059640379737518262, -0.05719037299744572, 0.05787763206141388, 1.5064278994864366, 1.4296188613491911, 1.423886325724432, 1.4788201861286125, 1.4463228914169459, 1.585045364211281, 1, 0.8633762941228663, 1, 0.7317433021453886, 0.4069116475113028, 0.7310871142279617]

Score=0.133521656364
[0.059640379737518262, -0.056261607218822181, 0.05787763206141388, 1.5079172057177508, 1.4296188613491911, 1.423886325724432, 1.4788201861286125, 1.4118189454147811, 1.570564248497728, 1, 0.8633762941228663, 0.8367977254790563, 0.7317433021453886, 0.4069116475113028, 0.7310871142279617]

Score=0.159034189693
[0.059640379737518262, -0.05719037299744572, 0.05787763206141388, 1.5049388255753671, 1.4296188613491911, 1.423886325724432, 1.4102478115353336, 1.4134874351041977, 1.570564248497728, 0.985117577025437, 0.8633762941228663, 0.8367977254790563, 0.7317433021453886, 0.4069116475113028, 0.7310871142279617]

Score=0.151822257273
[0.059640379737518262, -0.05719037299744572, 0.05787763206141388, 1.5160530016102518, 1.4296188613491911, 1.423886325724432, 1.4102478115353336, 1.4463228914169459, 1.585045364211281, 0.985117577025437, 0.8633762941228663, 0.8367977254790563, 0.7317433021453886, 0.4069116475113028, 0.7310871142279617]

Score=0.361154943007
[0.059640379737518262, -0.05719037299744572, 0.057425721049508216, 1.5049388255753671, 1.5036268756614981, 1.423886325724432, 1.4102478115353336, 1.4134874351041977, 1.570564248497728, 0.985117577025437, 0.8633762941228663, 0.8367977254790563, 0.9140558796925985, 0.4069116475113028, 0.7310871142279617]

Score=0.136212688905
[0.059640379737518262, -0.056261607218822181, 0.05787763206141388, 1.5064278994864366, 1.4296188613491911, 1.423886325724432, 1.4788201861286125, 1.4134874351041977, 1.570564248497728, 1, 0.8633762941228663, 0.8367977254790563, 0.7317433021453886, 0.4069116475113028, 0.7310871142279617]

Score=0.133682602349
[0.059640379737518262, -0.056261607218822181, 0.05787763206141388, 1.5079172057177508, 1.4296188613491911, 1.423886325724432, 1.4788201861286125, 1.4118189454147811, 1.570564248497728, 1, 0.8633762941228663, 0.8367977254790563, 0.7317433021453886, 0.4069116475113028, 0.7310871142279617]

Score=0.14892775773
[0.059640379737518262, -0.05719037299744572, 0.05787763206141388, 1.5160530016102518, 1.5036268756614981, 1.423886325724432, 1.4788201861286125, 1.4134874351041977, 1.585045364211281, 0.985117577025437, 0.8633762941228663, 0.8367977254790563, 0.7317433021453886, 0.4069116475113028, 0.7310871142279617]

Score=0.164093827685
[0.059640379737518262, -0.05719037299744572, 0.05787763206141388, 1.5079172057177508, 1.5036268756614981, 1.423886325724432, 1.4782720891299683, 1.4134874351041977, 1.585045364211281, 0.985117577025437, 0.8633762941228663, 0.8367977254790563, 0.7317433021453886, 0.4069116475113028, 0.7310871142279617]

Score=0.367430512476
[0.059640379737518262, -0.056261607218822181, 0.05787763206141388, 1.5160530016102518, 1.4296188613491911, 1.4469940093072715, 1.4782720891299683, 1.4118189454147811, 1.585045364211281, 1, 1, 0.8367977254790563, 0.7317433021453886, 0.4069116475113028, 0.7310871142279617]

Score=0.168814910771
[0.059640379737518262, -0.056261607218822181, 0.05787763206141388, 1.5079172057177508, 1.4296188613491911, 1.4223436610767204, 1.4788201861286125, 1.4134874351041977, 1.585045364211281, 1, 0.8633762941228663, 0.8367977254790563, 0.7317433021453886, 0.4069116475113028, 0.7310871142279617]

Score=0.1331845816
[0.059640379737518262, -0.056261607218822181, 0.05787763206141388, 1.5079172057177508, 1.4296188613491911, 1.423886325724432, 1.4782720891299683, 1.4118189454147811, 1.585045364211281, 1, 0.8633762941228663, 0.8367977254790563, 0.7317433021453886, 0.4069116475113028, 0.7310871142279617]

Score=0.364278433543
[0.059640379737518262, -0.05719037299744572, 0.05787763206141388, 1.5079172057177508, 1.4296188613491911, 1.4223436610767204, 1.4788201861286125, 1.4134874351041977, 1.585045364211281, 1, 0.8633762941228663, 1, 0.7317433021453886, 0.4069116475113028, 0.7310871142279617]




Final Population
[0.059640379737518262, -0.056261607218822181, 0.05787763206141388, 1.5079172057177508, 1.4296188613491911, 1.4469940093072715, 1.4782720891299683, 1.4118189454147811, 1.585045364211281, 1, 0.8633762941228663, 0.8367977254790563, 0.7317433021453886, 0.4069116475113028, 0.7310871142279617]
[0.059950423561730255, -0.056261607218822181, 0.05787763206141388, 1.5160530016102518, 1.4296188613491911, 1.423886325724432, 1.4782720891299683, 1.4134874351041977, 1.585045364211281, 1, 0.8633762941228663, 0.8367977254790563, 0.7317433021453886, 0.4069116475113028, 0.7310871142279617]
[0.059640379737518262, -0.056261607218822181, 0.05787763206141388, 1.5079172057177508, 1.4296188613491911, 1.4233342179186759, 1.4782720891299683, 1.4134874351041977, 1.585045364211281, 1, 0.8633762941228663, 1, 0.7317433021453886, 0.4069116475113028, 0.7310871142279617]
[0.059950423561730255, -0.056261607218822181, 0.05787763206141388, 1.5160530016102518, 1.4296188613491911, 1.423886325724432, 1.4782720891299683, 1.4118189454147811, 1.585045364211281, 1, 0.8633762941228663, 0.8367977254790563, 0.7317433021453886, 0.4069116475113028, 0.7310871142279617]
[0.059640379737518262, -0.056261607218822181, 0.05787763206141388, 1.5160530016102518, 1.4296188613491911, 1.423886325724432, 1.4788201861286125, 1.4118189454147811, 1.585045364211281, 1, 0.8633762941228663, 0.8367977254790563, 0.7317433021453886, 0.4069116475113028, 0.7310871142279617]
[0.059950423561730255, -0.056590753978543781, 0.05787763206141388, 1.5079172057177508, 1.4296188613491911, 1.423886325724432, 1.4788201861286125, 1.4118189454147811, 1.585045364211281, 1, 1, 0.8367977254790563, 0.7317433021453886, 0.4069116475113028, 0.7310871142279617]
[0.059950423561730255, -0.056261607218822181, 0.05787763206141388, 1.5160530016102518, 1.4296188613491911, 1.423886325724432, 1.4782720891299683, 1.4118189454147811, 1.585045364211281, 1, 0.8633762941228663, 0.8367977254790563, 0.7317433021453886, 0.4069116475113028, 0.7310871142279617]
[0.059950423561730255, -0.056261607218822181, 0.05787763206141388, 1.5160530016102518, 1.4296188613491911, 1.423886325724432, 1.4782720891299683, 1.4118189454147811, 1.585045364211281, 1, 0.8633762941228663, 0.8367977254790563, 0.7317433021453886, 0.4069116475113028, 0.7310871142279617]
[0.059640379737518262, -0.056261607218822181, 0.059865526162913636, 1.5160530016102518, 1.4296188613491911, 1.423886325724432, 1.4788201861286125, 1.4134874351041977, 1.585045364211281, 1, 0.8633762941228663, 0.8367977254790563, 0.7317433021453886, 0.4069116475113028, 0.7310871142279617]
[0.059640379737518262, -0.056261607218822181, 0.05787763206141388, 1.5079172057177508, 1.4296188613491911, 1.423886325724432, 1.4788201861286125, 1.4134874351041977, 1.585045364211281, 1, 0.8633762941228663, 0.8367977254790563, 0.7317433021453886, 0.4069116475113028, 0.7310871142279617]
[0.059950423561730255, -0.056261607218822181, 0.05787763206141388, 1.5160530016102518, 1.4296188613491911, 1.423886325724432, 1.4782720891299683, 1.4085296505390086, 1.585045364211281, 1, 0.8633762941228663, 0.8367977254790563, 0.7317433021453886, 0.4069116475113028, 0.7310871142279617]
[0.059950423561730255, -0.056261607218822181, 0.05787763206141388, 1.5160530016102518, 1.4296188613491911, 1.4283603664532991, 1.4788201861286125, 1.4118189454147811, 1.585045364211281, 1, 0.8633762941228663, 0.8367977254790563, 0.7317433021453886, 0.4069116475113028, 0.7310871142279617]
[0.059640379737518262, -0.056261607218822181, 0.05787763206141388, 1.5079172057177508, 1.4296188613491911, 1.423886325724432, 1.4788201861286125, 1.4134874351041977, 1.585045364211281, 1, 0.8633762941228663, 0.8367977254790563, 0.7317433021453886, 0.4069116475113028, 0.7310871142279617]
[0.059640379737518262, -0.022112482890610005, 0.016045512449877616, 1.5079172057177508, 1.4296188613491911, 1.423886325724432, 1.4788201861286125, 1.4463228914169459, 1.580961067214494, 1, 1, 0.8367977254790563, 0.7317433021453886, 0.4069116475113028, 0.7310871142279617]
[0.059640379737518262, -0.056261607218822181, 0.05787763206141388, 1.5079172057177508, 1.4296188613491911, 1.423886325724432, 1.4788201861286125, 1.4134874351041977, 1.585045364211281, 1, 1, 0.8367977254790563, 0.7317433021453886, 0.4069116475113028, 0.7310871142279617]
[0.025667241206267118, -0.022112482890610005, 0.016045512449877616, 1.5064278994864366, 1.4296188613491911, 1.423886325724432, 1.4102478115353336, 1.4463228914169459, 1.580961067214494, 1, 1, 0.8367977254790563, 0.9140558796925985, 0.4069116475113028, 0.7310871142279617]
[0.059640379737518262, -0.05719037299744572, 0.05787763206141388, 1.5049388255753671, 1.4296188613491911, 1.423886325724432, 1.4102478115353336, 1.4134874351041977, 1.570564248497728, 1, 0.8633762941228663, 0.8367977254790563, 0.9140558796925985, 0.4069116475113028, 0.7310871142279617]
[0.059640379737518262, -0.05719037299744572, 0.05787763206141388, 1.5064278994864366, 1.4296188613491911, 1.423886325724432, 1.4788201861286125, 1.4463228914169459, 1.585045364211281, 1, 0.8633762941228663, 1, 0.7317433021453886, 0.4069116475113028, 0.7310871142279617]
[0.059640379737518262, -0.056261607218822181, 0.05787763206141388, 1.5079172057177508, 1.4296188613491911, 1.423886325724432, 1.4788201861286125, 1.4118189454147811, 1.570564248497728, 1, 0.8633762941228663, 0.8367977254790563, 0.7317433021453886, 0.4069116475113028, 0.7310871142279617]
[0.059640379737518262, -0.05719037299744572, 0.05787763206141388, 1.5049388255753671, 1.4296188613491911, 1.423886325724432, 1.4102478115353336, 1.4134874351041977, 1.570564248497728, 0.985117577025437, 0.8633762941228663, 0.8367977254790563, 0.7317433021453886, 0.4069116475113028, 0.7310871142279617]
[0.059640379737518262, -0.05719037299744572, 0.05787763206141388, 1.5160530016102518, 1.4296188613491911, 1.423886325724432, 1.4102478115353336, 1.4463228914169459, 1.585045364211281, 0.985117577025437, 0.8633762941228663, 0.8367977254790563, 0.7317433021453886, 0.4069116475113028, 0.7310871142279617]
[0.059640379737518262, -0.05719037299744572, 0.057425721049508216, 1.5049388255753671, 1.5036268756614981, 1.423886325724432, 1.4102478115353336, 1.4134874351041977, 1.570564248497728, 0.985117577025437, 0.8633762941228663, 0.8367977254790563, 0.9140558796925985, 0.4069116475113028, 0.7310871142279617]
[0.059640379737518262, -0.056261607218822181, 0.05787763206141388, 1.5064278994864366, 1.4296188613491911, 1.423886325724432, 1.4788201861286125, 1.4134874351041977, 1.570564248497728, 1, 0.8633762941228663, 0.8367977254790563, 0.7317433021453886, 0.4069116475113028, 0.7310871142279617]
[0.059640379737518262, -0.056261607218822181, 0.05787763206141388, 1.5079172057177508, 1.4296188613491911, 1.423886325724432, 1.4788201861286125, 1.4118189454147811, 1.570564248497728, 1, 0.8633762941228663, 0.8367977254790563, 0.7317433021453886, 0.4069116475113028, 0.7310871142279617]
[0.059640379737518262, -0.05719037299744572, 0.05787763206141388, 1.5160530016102518, 1.5036268756614981, 1.423886325724432, 1.4788201861286125, 1.4134874351041977, 1.585045364211281, 0.985117577025437, 0.8633762941228663, 0.8367977254790563, 0.7317433021453886, 0.4069116475113028, 0.7310871142279617]
[0.059640379737518262, -0.05719037299744572, 0.05787763206141388, 1.5079172057177508, 1.5036268756614981, 1.423886325724432, 1.4782720891299683, 1.4134874351041977, 1.585045364211281, 0.985117577025437, 0.8633762941228663, 0.8367977254790563, 0.7317433021453886, 0.4069116475113028, 0.7310871142279617]
[0.059640379737518262, -0.056261607218822181, 0.05787763206141388, 1.5160530016102518, 1.4296188613491911, 1.4469940093072715, 1.4782720891299683, 1.4118189454147811, 1.585045364211281, 1, 1, 0.8367977254790563, 0.7317433021453886, 0.4069116475113028, 0.7310871142279617]
[0.059640379737518262, -0.056261607218822181, 0.05787763206141388, 1.5079172057177508, 1.4296188613491911, 1.4223436610767204, 1.4788201861286125, 1.4134874351041977, 1.585045364211281, 1, 0.8633762941228663, 0.8367977254790563, 0.7317433021453886, 0.4069116475113028, 0.7310871142279617]
[0.059640379737518262, -0.056261607218822181, 0.05787763206141388, 1.5079172057177508, 1.4296188613491911, 1.423886325724432, 1.4782720891299683, 1.4118189454147811, 1.585045364211281, 1, 0.8633762941228663, 0.8367977254790563, 0.7317433021453886, 0.4069116475113028, 0.7310871142279617]
[0.059640379737518262, -0.05719037299744572, 0.05787763206141388, 1.5079172057177508, 1.4296188613491911, 1.4223436610767204, 1.4788201861286125, 1.4134874351041977, 1.585045364211281, 1, 0.8633762941228663, 1, 0.7317433021453886, 0.4069116475113028, 0.7310871142279617]
