Score=0.0579823439312
alpha=[0.0012949624837739983, -0.02192871388798452, 0.014003942665727754]
beta=[1.5160530016102518, 1.5191166594149967, 1.4690519654521588, 1.507132916493458, 1.4134874351041977, 1.5447947308888936]
gamma=[0.985117577025437, 0.7413941734853802, 0.7442880616920458, 0.923208291974073, 0.6616495165396894, 0.7310871142279617]

Score=0.0610833358482
alpha=[0.026926714053082366, -0.022112482890610005, 0.015599466176709294]
beta=[1.5160530016102518, 1.5021380089444607, 1.5454468524713381, 1.4102478115353336, 1.4276933599650923, 1.5423591042766469]
gamma=[0.5560869134613168, 0.8633762941228663, 0.8367977254790563, 0.9140558796925985, 0.4069116475113028, 0.7310871142279617]

Score=0.0957401907164
alpha=[0.026926714053082366, -0.022112482890610005, 0.015599466176709294]
beta=[1.5160530016102518, 1.5021380089444607, 1.5454468524713381, 1.4102478115353336, 1.4276933599650923, 1.585045364211281]
gamma=[0.5560869134613168, 0.8633762941228663, 0.8367977254790563, 0.9140558796925985, 0.4069116475113028, 0.7310871142279617]

Score=0.0716079139133
alpha=[0.026926714053082366, -0.022112482890610005, 0.015599466176709294]
beta=[1.5160530016102518, 1.5021380089444607, 1.5454468524713381, 1.4102478115353336, 1.4276933599650923, 1.585045364211281]
gamma=[0.5560869134613168, 0.8633762941228663, 0.8367977254790563, 0.9140558796925985, 0.4069116475113028, 0.7310871142279617]

Score=0.0906654134342
alpha=[0.026926714053082366, -0.022112482890610005, 0.016045512449877616]
beta=[1.5245140881157826, 1.5021380089444607, 1.5454468524713381, 1.4102478115353336, 1.4463228914169459, 1.585045364211281]
gamma=[0.5560869134613168, 0.8633762941228663, 0.8367977254790563, 0.9140558796925985, 0.4069116475113028, 0.7310871142279617]

Score=0.0800973817877
alpha=[0.026926714053082366, -0.022112482890610005, 0.016045512449877616]
beta=[1.5160530016102518, 1.5203438800509874, 1.5454468524713381, 1.4102478115353336, 1.4463228914169459, 1.580961067214494]
gamma=[0.5560869134613168, 1, 0.8367977254790563, 0.9140558796925985, 0.4069116475113028, 0.7310871142279617]

Score=0.0981195132153
alpha=[0.026926714053082366, -0.022112482890610005, 0.016045512449877616]
beta=[1.5160530016102518, 1.5036268756614981, 1.423886325724432, 1.4102478115353336, 1.4276933599650923, 1.580961067214494]
gamma=[0.985117577025437, 1, 0.8367977254790563, 0.9140558796925985, 0.4069116475113028, 0.7310871142279617]

Score=0.0984624637513
alpha=[0.026926714053082366, -0.022157211842389824, 0.016045512449877616]
beta=[1.5160530016102518, 1.5036268756614981, 1.5454468524713381, 1.4102478115353336, 1.4276933599650923, 1.580961067214494]
gamma=[0.5560869134613168, 1, 0.8367977254790563, 0.9140558796925985, 0.4069116475113028, 0.7310871142279617]

Score=0.096219342305
alpha=[0.026926714053082366, -0.022112482890610005, 0.016045512449877616]
beta=[1.5160530016102518, 1.5036268756614981, 1.423886325724432, 1.4102478115353336, 1.4463228914169459, 1.580961067214494]
gamma=[0.985117577025437, 1, 0.8367977254790563, 0.9140558796925985, 0.4069116475113028, 0.7310871142279617]

Score=0.0973592281237
alpha=[0.026926714053082366, -0.022112482890610005, 0.016045512449877616]
beta=[1.5160530016102518, 1.5203438800509874, 1.5454468524713381, 1.4102478115353336, 1.4463228914169459, 1.580961067214494]
gamma=[0.5560869134613168, 1, 0.8367977254790563, 0.9140558796925985, 0.4069116475113028, 0.7310871142279617]

Score=0.0671182859396
alpha=[0.026926714053082366, -0.022112482890610005, 0.016045512449877616]
beta=[1.52847357387023, 1.5036268756614981, 1.5454468524713381, 1.4102478115353336, 1.4463228914169459, 1.5740609997185491]
gamma=[0.5560869134613168, 1, 0.8367977254790563, 0.9140558796925985, 0.4069116475113028, 0.7310871142279617]

Score=0.0808412433942
alpha=[0.026926714053082366, -0.022112482890610005, 0.016045512449877616]
beta=[1.52847357387023, 1.5036268756614981, 1.423886325724432, 1.4102478115353336, 1.4463228914169459, 1.585045364211281]
gamma=[0.5560869134613168, 1, 0.8367977254790563, 0.9140558796925985, 0.4069116475113028, 0.7310871142279617]

Score=0.0820760623332
alpha=[0.026926714053082366, -0.022112482890610005, 0.016045512449877616]
beta=[1.5064278994864366, 1.4296188613491911, 1.423886325724432, 1.4102478115353336, 1.4463228914169459, 1.580961067214494]
gamma=[1, 1, 0.8367977254790563, 0.9140558796925985, 0.4069116475113028, 0.7310871142279617]

Score=0.066418284011
alpha=[0.025667241206267118, -0.022112482890610005, 0.016045512449877616]
beta=[1.5064278994864366, 1.4296188613491911, 1.423886325724432, 1.4102478115353336, 1.4463228914169459, 1.580961067214494]
gamma=[1, 1, 0.8367977254790563, 0.9140558796925985, 0.4069116475113028, 0.7310871142279617]

