Score=0.060814401633
[-0.055126381427443874, 9.326397716088453e-05, -0.054230422082207824, 1.5824759293995019, 1.4, 1.4, 1.4, 1.4, 1.4, 0.6650557131390048, 0, 0.8922239875322431, 0, 0, 0.6494390962781449]

Score=0.125660193187
[-0.055126381427443874, 9.326397716088453e-05, -0.054230422082207824, 1.5824759293995019, 1.4, 1.4, 1.4, 1.4, 1.4, 0.6650557131390048, 0, 0.8922239875322431, 0, 0, 0.6494390962781449]

Score=0.138532332665
[-0.055126381427443874, 9.326397716088453e-05, -0.054230422082207824, 1.4, 1.4, 1.4, 1.4, 1.4, 1.4, 0.6650557131390048, 0, 0.8922239875322431, 0, 0, 0.6494390962781449]

Score=0.0684081416918
[-0.055126381427443874, 9.326397716088453e-05, -0.054230422082207824, 1.5824759293995019, 1.4, 1.4, 1.4, 1.4, 1.4, 0.6650557131390048, 0, 0.8922239875322431, 0, 0, 0.6494390962781449]

Score=0.057848037481
[-0.055126381427443874, 9.326397716088453e-05, -0.055650236538840527, 1.5824759293995019, 1.4, 1.4, 1.4, 1.4, 1.4, 0.6650557131390048, 0, 0.8922239875322431, 0, 0, 0.6494390962781449]

Score=0.145480608282
[-0.055126381427443874, 9.326397716088453e-05, -0.054230422082207824, 1.4, 1.4, 1.4, 1.4, 1.4, 1.4, 0.6650557131390048, 0, 0.8922239875322431, 0, 0, 0.6494390962781449]

Score=0.132571260176
[-0.054818848615991046, 9.326397716088453e-05, -0.052394676927491605, 1.5824759293995019, 1.4, 1.4, 1.4, 1.4, 1.4, 0.6650557131390048, 0, 0.8922239875322431, 0, 0, 0.6494390962781449]

Score=0.224706817985
[-0.055126381427443874, 9.326397716088453e-05, -0.054230422082207824, 1.5824759293995019, 1.4, 1.4, 1.4, 1.4, 1.4, 0.6650557131390048, 0, 0.031843050340676179, 0, 0.12719334104318342, 0.6494390962781449]

Score=0.0979300908538
[-0.054818848615991046, 9.326397716088453e-05, -0.054230422082207824, 1.5824759293995019, 1.4, 1.4, 1.4, 1.4, 1.4, 0.6650557131390048, 0, 0.8922239875322431, 0, 0, 0.6494390962781449]

Score=0.169624468021
[-0.054818848615991046, 9.326397716088453e-05, -0.052394676927491605, 1.5824759293995019, 1.4, 1.4, 1.4, 1.4, 1.4, 0.6650557131390048, 0, 0.8922239875322431, 0, 0, 0.6494390962781449]

Score=0.31537733525
[-0.054818848615991046, 9.326397716088453e-05, -0.054230422082207824, 1.5824759293995019, 1.4, 1.4, 1.41940531702021, 1.4, 1.4, 0, 0, 0.8922239875322431, 0.11653336957686655, 0.12719334104318342, 0.6494390962781449]

Score=0.0556768383167
[-0.054818848615991046, 9.326397716088453e-05, -0.054230422082207824, 1.5824759293995019, 1.4, 1.4, 1.41940531702021, 1.4, 1.4, 0.6650557131390048, 0, 0.8922239875322431, 0, 0.12719334104318342, 0.6494390962781449]

Score=0.122726776485
[-0.054818848615991046, 9.326397716088453e-05, -0.052394676927491605, 1.5824759293995019, 1.4, 1.4, 1.4, 1.4, 1.4, 0.6650557131390048, 0, 0.8922239875322431, 0, 0, 0.6494390962781449]

Score=0.0896705330332
[-0.054818848615991046, 9.326397716088453e-05, -0.054230422082207824, 1.5824759293995019, 1.4, 1.4, 1.41940531702021, 1.4, 1.4, 0.6650557131390048, 0, 0.8922239875322431, 0.11653336957686655, 0.12719334104318342, 0.6494390962781449]

Score=0.107884164147
[-0.054818848615991046, 9.326397716088453e-05, -0.05502319867138402, 1.5824759293995019, 1.4, 1.4, 1.41940531702021, 1.4, 1.4, 0.6650557131390048, 0, 0.8922239875322431, 0.11653336957686655, 0, 0.6494390962781449]

Score=0.147721439822
[-0.054818848615991046, 9.326397716088453e-05, -0.054230422082207824, 1.5824759293995019, 1.4, 1.4, 1.41940531702021, 1.4, 1.4, 0.6650557131390048, 0, 0.8922239875322431, 0, 0.12719334104318342, 0.6494390962781449]

Score=0.16172309367
[-0.054818848615991046, 9.326397716088453e-05, -0.05502319867138402, 1.5824759293995019, 1.4, 1.4, 1.41940531702021, 1.4, 1.4, 0.6650557131390048, 0, 0.8922239875322431, 0.11653336957686655, 0, 0.6494390962781449]

Score=0.0913407014319
[-0.054818848615991046, 9.326397716088453e-05, -0.05502319867138402, 1.5824759293995019, 1.4, 1.4, 1.4, 1.4, 1.4, 0.6650557131390048, 0, 0.8922239875322431, 0, 0, 0.6494390962781449]

Score=0.0464808994709
[-0.054818848615991046, 9.326397716088453e-05, -0.05502319867138402, 1.5824759293995019, 1.4, 1.4, 1.41940531702021, 1.4, 1.4, 0.6650557131390048, 0, 0.8922239875322431, 0.11653336957686655, 0, 0.6494390962781449]

Score=0.117368197956
[-0.055126381427443874, 9.326397716088453e-05, -0.054230422082207824, 1.5824759293995019, 1.4, 1.4, 1.4, 1.4, 1.4, 0.6650557131390048, 0, 0.8922239875322431, 0, 0, 0.6494390962781449]

Score=0.205377368587
[-0.054818848615991046, 9.326397716088453e-05, -0.05502319867138402, 1.4, 1.4, 1.4, 1.4, 1.4, 1.4, 0.6650557131390048, 0, 0.8922239875322431, 0, 0, 0.6494390962781449]

Score=0.0907549912817
[-0.054818848615991046, 9.326397716088453e-05, -0.05502319867138402, 1.5824759293995019, 1.4, 1.4, 1.4, 1.4, 1.4, 0.6650557131390048, 0, 0.8922239875322431, 0, 0, 0.6494390962781449]

Score=0.131300847876
[-0.054818848615991046, 9.326397716088453e-05, -0.05502319867138402, 1.5824759293995019, 1.4, 1.4, 1.4, 1.4, 1.4, 0.6650557131390048, 0, 0.8922239875322431, 0, 0, 0.6494390962781449]

Score=0.120458437269
[-0.055126381427443874, 9.326397716088453e-05, -0.054230422082207824, 1.5824759293995019, 1.4, 1.4, 1.4, 1.4, 1.4, 0.6650557131390048, 0, 0.8922239875322431, 0, 0, 0.6494390962781449]

Score=0.159200265674
[-0.055126381427443874, 9.326397716088453e-05, -0.054230422082207824, 1.5824759293995019, 1.4, 1.4, 1.4, 1.4, 1.4, 0.6650557131390048, 0, 0.8922239875322431, 0, 0, 0.6494390962781449]

Score=0.126374530238
[-0.054818848615991046, 9.326397716088453e-05, -0.05502319867138402, 1.5824759293995019, 1.4, 1.4, 1.4, 1.4, 1.4, 0.6650557131390048, 0, 0.8922239875322431, 0, 0, 0.6494390962781449]

Score=0.108300420568
[-0.055126381427443874, 9.326397716088453e-05, -0.054230422082207824, 1.5824759293995019, 1.4, 1.4, 1.4, 1.4, 1.4, 0.6650557131390048, 0, 0.8922239875322431, 0, 0, 0.6494390962781449]

Score=0.0937219017307
[-0.055126381427443874, 9.326397716088453e-05, -0.054230422082207824, 1.5824759293995019, 1.4, 1.4, 1.4, 1.4, 1.4, 0.6650557131390048, 0, 0.8922239875322431, 0, 0, 0.6494390962781449]

Score=0.499725285042
[-0.054818848615991046, -0.054964624191956885, -0.054230422082207824, 1.5824759293995019, 1.4, 1.4, 1.4, 1.4, 1.4, 0.6650557131390048, 0, 0.8922239875322431, 0, 0, 0.6494390962781449]

Score=0.499800608816
[-0.055126381427443874, -0.053881505115883133, -0.054230422082207824, 1.5824759293995019, 1.4, 1.4, 1.4, 1.4, 1.4, 0.6650557131390048, 0, 0.8922239875322431, 0, 0, 0.6494390962781449]




Final Population
[-0.055126381427443874, 9.326397716088453e-05, -0.054230422082207824, 1.5824759293995019, 1.4, 1.4, 1.4, 1.4, 1.4, 0.6650557131390048, 0, 0.8922239875322431, 0, 0, 0.6494390962781449]
[-0.055126381427443874, 9.326397716088453e-05, -0.054230422082207824, 1.5824759293995019, 1.4, 1.4, 1.4, 1.4, 1.4, 0.6650557131390048, 0, 0.8922239875322431, 0, 0, 0.6494390962781449]
[-0.055126381427443874, 9.326397716088453e-05, -0.054230422082207824, 1.4, 1.4, 1.4, 1.4, 1.4, 1.4, 0.6650557131390048, 0, 0.8922239875322431, 0, 0, 0.6494390962781449]
[-0.055126381427443874, 9.326397716088453e-05, -0.054230422082207824, 1.5824759293995019, 1.4, 1.4, 1.4, 1.4, 1.4, 0.6650557131390048, 0, 0.8922239875322431, 0, 0, 0.6494390962781449]
[-0.055126381427443874, 9.326397716088453e-05, -0.055650236538840527, 1.5824759293995019, 1.4, 1.4, 1.4, 1.4, 1.4, 0.6650557131390048, 0, 0.8922239875322431, 0, 0, 0.6494390962781449]
[-0.055126381427443874, 9.326397716088453e-05, -0.054230422082207824, 1.4, 1.4, 1.4, 1.4, 1.4, 1.4, 0.6650557131390048, 0, 0.8922239875322431, 0, 0, 0.6494390962781449]
[-0.054818848615991046, 9.326397716088453e-05, -0.052394676927491605, 1.5824759293995019, 1.4, 1.4, 1.4, 1.4, 1.4, 0.6650557131390048, 0, 0.8922239875322431, 0, 0, 0.6494390962781449]
[-0.055126381427443874, 9.326397716088453e-05, -0.054230422082207824, 1.5824759293995019, 1.4, 1.4, 1.4, 1.4, 1.4, 0.6650557131390048, 0, 0.031843050340676179, 0, 0.12719334104318342, 0.6494390962781449]
[-0.054818848615991046, 9.326397716088453e-05, -0.054230422082207824, 1.5824759293995019, 1.4, 1.4, 1.4, 1.4, 1.4, 0.6650557131390048, 0, 0.8922239875322431, 0, 0, 0.6494390962781449]
[-0.054818848615991046, 9.326397716088453e-05, -0.052394676927491605, 1.5824759293995019, 1.4, 1.4, 1.4, 1.4, 1.4, 0.6650557131390048, 0, 0.8922239875322431, 0, 0, 0.6494390962781449]
[-0.054818848615991046, 9.326397716088453e-05, -0.054230422082207824, 1.5824759293995019, 1.4, 1.4, 1.41940531702021, 1.4, 1.4, 0, 0, 0.8922239875322431, 0.11653336957686655, 0.12719334104318342, 0.6494390962781449]
[-0.054818848615991046, 9.326397716088453e-05, -0.054230422082207824, 1.5824759293995019, 1.4, 1.4, 1.41940531702021, 1.4, 1.4, 0.6650557131390048, 0, 0.8922239875322431, 0, 0.12719334104318342, 0.6494390962781449]
[-0.054818848615991046, 9.326397716088453e-05, -0.052394676927491605, 1.5824759293995019, 1.4, 1.4, 1.4, 1.4, 1.4, 0.6650557131390048, 0, 0.8922239875322431, 0, 0, 0.6494390962781449]
[-0.054818848615991046, 9.326397716088453e-05, -0.054230422082207824, 1.5824759293995019, 1.4, 1.4, 1.41940531702021, 1.4, 1.4, 0.6650557131390048, 0, 0.8922239875322431, 0.11653336957686655, 0.12719334104318342, 0.6494390962781449]
[-0.054818848615991046, 9.326397716088453e-05, -0.05502319867138402, 1.5824759293995019, 1.4, 1.4, 1.41940531702021, 1.4, 1.4, 0.6650557131390048, 0, 0.8922239875322431, 0.11653336957686655, 0, 0.6494390962781449]
[-0.054818848615991046, 9.326397716088453e-05, -0.054230422082207824, 1.5824759293995019, 1.4, 1.4, 1.41940531702021, 1.4, 1.4, 0.6650557131390048, 0, 0.8922239875322431, 0, 0.12719334104318342, 0.6494390962781449]
[-0.054818848615991046, 9.326397716088453e-05, -0.05502319867138402, 1.5824759293995019, 1.4, 1.4, 1.41940531702021, 1.4, 1.4, 0.6650557131390048, 0, 0.8922239875322431, 0.11653336957686655, 0, 0.6494390962781449]
[-0.054818848615991046, 9.326397716088453e-05, -0.05502319867138402, 1.5824759293995019, 1.4, 1.4, 1.4, 1.4, 1.4, 0.6650557131390048, 0, 0.8922239875322431, 0, 0, 0.6494390962781449]
[-0.054818848615991046, 9.326397716088453e-05, -0.05502319867138402, 1.5824759293995019, 1.4, 1.4, 1.41940531702021, 1.4, 1.4, 0.6650557131390048, 0, 0.8922239875322431, 0.11653336957686655, 0, 0.6494390962781449]
[-0.055126381427443874, 9.326397716088453e-05, -0.054230422082207824, 1.5824759293995019, 1.4, 1.4, 1.4, 1.4, 1.4, 0.6650557131390048, 0, 0.8922239875322431, 0, 0, 0.6494390962781449]
[-0.054818848615991046, 9.326397716088453e-05, -0.05502319867138402, 1.4, 1.4, 1.4, 1.4, 1.4, 1.4, 0.6650557131390048, 0, 0.8922239875322431, 0, 0, 0.6494390962781449]
[-0.054818848615991046, 9.326397716088453e-05, -0.05502319867138402, 1.5824759293995019, 1.4, 1.4, 1.4, 1.4, 1.4, 0.6650557131390048, 0, 0.8922239875322431, 0, 0, 0.6494390962781449]
[-0.054818848615991046, 9.326397716088453e-05, -0.05502319867138402, 1.5824759293995019, 1.4, 1.4, 1.4, 1.4, 1.4, 0.6650557131390048, 0, 0.8922239875322431, 0, 0, 0.6494390962781449]
[-0.055126381427443874, 9.326397716088453e-05, -0.054230422082207824, 1.5824759293995019, 1.4, 1.4, 1.4, 1.4, 1.4, 0.6650557131390048, 0, 0.8922239875322431, 0, 0, 0.6494390962781449]
[-0.055126381427443874, 9.326397716088453e-05, -0.054230422082207824, 1.5824759293995019, 1.4, 1.4, 1.4, 1.4, 1.4, 0.6650557131390048, 0, 0.8922239875322431, 0, 0, 0.6494390962781449]
[-0.054818848615991046, 9.326397716088453e-05, -0.05502319867138402, 1.5824759293995019, 1.4, 1.4, 1.4, 1.4, 1.4, 0.6650557131390048, 0, 0.8922239875322431, 0, 0, 0.6494390962781449]
[-0.055126381427443874, 9.326397716088453e-05, -0.054230422082207824, 1.5824759293995019, 1.4, 1.4, 1.4, 1.4, 1.4, 0.6650557131390048, 0, 0.8922239875322431, 0, 0, 0.6494390962781449]
[-0.055126381427443874, 9.326397716088453e-05, -0.054230422082207824, 1.5824759293995019, 1.4, 1.4, 1.4, 1.4, 1.4, 0.6650557131390048, 0, 0.8922239875322431, 0, 0, 0.6494390962781449]
[-0.054818848615991046, -0.054964624191956885, -0.054230422082207824, 1.5824759293995019, 1.4, 1.4, 1.4, 1.4, 1.4, 0.6650557131390048, 0, 0.8922239875322431, 0, 0, 0.6494390962781449]
[-0.055126381427443874, -0.053881505115883133, -0.054230422082207824, 1.5824759293995019, 1.4, 1.4, 1.4, 1.4, 1.4, 0.6650557131390048, 0, 0.8922239875322431, 0, 0, 0.6494390962781449]
