Score=0.221304780921
[0.019510365531758739, -0.0039081374106571011, -0.015510970677874037, 1.5582436463117462, 1.4066784577093949, 1.5880564794759455, 1.5302496702763009, 1.5869065524874297, 1.5396146674398199, 1, 0.8191303267665859, 0.15436938569538416, 0.09990837731098723, 1, 1]

Score=0.263523986764
[0.020801811684194343, -0.0039081374106571011, -0.015510970677874037, 1.5582436463117462, 1.4066784577093949, 1.6, 1.5308734212387329, 1.5869065524874297, 1.5396146674398199, 1, 0.8191303267665859, 0.15436938569538416, 0.09990837731098723, 1, 1]

Score=0.132841107184
[0.020801811684194343, -0.0039081374106571011, -0.015510970677874037, 1.5582436463117462, 1.4066784577093949, 1.6, 1.5302496702763009, 1.5869065524874297, 1.5396146674398199, 1, 0.8191303267665859, 0.15436938569538416, 0.09990837731098723, 1, 1]

Score=0.138649837161
[0.020801811684194343, -0.0039081374106571011, -0.015510970677874037, 1.5582436463117462, 1.4066784577093949, 1.6, 1.5308734212387329, 1.5869065524874297, 1.5396146674398199, 1, 0.8191303267665859, 0.15436938569538416, 0.09990837731098723, 1, 1]

Score=0.267770147824
[0.01927717238428537, -0.0039081374106571011, -0.015510970677874037, 1.5582436463117462, 1.4066784577093949, 1.5979985294925061, 1.5261374453802266, 1.5869065524874297, 1.5396146674398199, 1, 0.8191303267665859, 0.15436938569538416, 0.09990837731098723, 1, 1]

Score=0.264362669369
[0.01927717238428537, -0.0039081374106571011, -0.015510970677874037, 1.5582436463117462, 1.4066784577093949, 1.6, 1.5308734212387329, 1.5869065524874297, 1.5396146674398199, 1, 0.8191303267665859, 0.15436938569538416, 0.09990837731098723, 1, 1]

Score=0.171612158394
[0.020801811684194343, -0.0039081374106571011, -0.015510970677874037, 1.5582436463117462, 1.4066784577093949, 1.5979985294925061, 1.5302496702763009, 1.5869065524874297, 1.5396146674398199, 1, 0.8191303267665859, 0.15436938569538416, 0.09990837731098723, 1, 1]

Score=0.170865387523
[0.01927717238428537, -0.0039081374106571011, -0.015510970677874037, 1.5582436463117462, 1.4066784577093949, 1.5979985294925061, 1.5261374453802266, 1.5869065524874297, 1.5396146674398199, 1, 0.8191303267665859, 0.15436938569538416, 0.09990837731098723, 1, 1]

Score=0.276114415376
[0.020801811684194343, -0.0039081374106571011, -0.016870023662805697, 1.5582436463117462, 1.4062450353788241, 1.5979985294925061, 1.5302496702763009, 1.5869065524874297, 1.5396146674398199, 1, 0.8191303267665859, 0.15436938569538416, 0.09990837731098723, 1, 1]

Score=0.253455247761
[0.02027763563993052, -0.0039081374106571011, -0.015510970677874037, 1.5582436463117462, 1.4066784577093949, 1.5979985294925061, 1.5218326477331803, 1.5869065524874297, 1.5396146674398199, 1, 0.8191303267665859, 0.15436938569538416, 0.09990837731098723, 1, 1]

Score=0.152138152681
[0.020801811684194343, -0.0039081374106571011, -0.015510970677874037, 1.5582436463117462, 1.4066784577093949, 1.5979985294925061, 1.5218326477331803, 1.5869065524874297, 1.5396146674398199, 1, 0.8191303267665859, 0.15436938569538416, 0.09990837731098723, 1, 1]

Score=0.178715117402
[0.02027763563993052, -0.0039081374106571011, -0.015510970677874037, 1.5582436463117462, 1.4066784577093949, 1.5979985294925061, 1.5261374453802266, 1.5869065524874297, 1.5396146674398199, 1, 0.8191303267665859, 0.15436938569538416, 0.09990837731098723, 1, 1]

Score=0.200692998315
[0.01927717238428537, -0.0039081374106571011, -0.015510970677874037, 1.5582436463117462, 1.4104429450502414, 1.5880564794759455, 1.5218326477331803, 1.5869065524874297, 1.5396146674398199, 1, 0.8191303267665859, 0.15436938569538416, 0.09990837731098723, 1, 1]

Score=0.325613259059
[0.02027763563993052, -0.0039081374106571011, -0.015510970677874037, 1.5582436463117462, 1.4066784577093949, 1.5979985294925061, 1.5261374453802266, 1.5869065524874297, 1.5396146674398199, 1, 1, 0.15436938569538416, 0.09990837731098723, 1, 1]

Score=0.238711844205
[0.01927717238428537, -0.0039081374106571011, -0.015510970677874037, 1.5582436463117462, 1.4066784577093949, 1.5880564794759455, 1.5218326477331803, 1.5869065524874297, 1.5396146674398199, 1, 1, 0.15436938569538416, 0.09990837731098723, 1, 1]

Score=0.239385791833
[0.020801811684194343, -0.0039081374106571011, -0.014764057512661305, 1.5582436463117462, 1.4066784577093949, 1.5979985294925061, 1.5218326477331803, 1.5869065524874297, 1.5396146674398199, 1, 0.8191303267665859, 0.15436938569538416, 0.09990837731098723, 1, 1]

Score=0.253494230195
[0.01927717238428537, -0.0039081374106571011, -0.015510970677874037, 1.5582436463117462, 1.4104429450502414, 1.5880564794759455, 1.5218326477331803, 1.5869065524874297, 1.5396146674398199, 1, 1, 0.15436938569538416, 0.09990837731098723, 1, 1]

Score=0.19077754998
[0.01927717238428537, -0.0039081374106571011, -0.015510970677874037, 1.5582436463117462, 1.4104429450502414, 1.5880564794759455, 1.5218326477331803, 1.5751418999469173, 1.5396146674398199, 1, 1, 0.15436938569538416, 0.09990837731098723, 1, 1]

Score=0.138394761374
[0.01927717238428537, -0.0039081374106571011, -0.015510970677874037, 1.5582436463117462, 1.4104429450502414, 1.5979985294925061, 1.5218326477331803, 1.5869065524874297, 1.5396146674398199, 1, 1, 0.15436938569538416, 0.09990837731098723, 1, 1]

Score=0.147944018005
[0.01927717238428537, -0.0039081374106571011, -0.015510970677874037, 1.5582436463117462, 1.4062450353788241, 1.5979985294925061, 1.5218326477331803, 1.5869065524874297, 1.5396146674398199, 1, 1, 0.15436938569538416, 0.09990837731098723, 1, 1]

Score=0.273295241957
[0.01927717238428537, -0.0039081374106571011, -0.015510970677874037, 1.5582436463117462, 1.4104429450502414, 1.5979985294925061, 1.5218326477331803, 1.5869065524874297, 1.5396146674398199, 1, 0.8191303267665859, 0.15436938569538416, 0.09990837731098723, 1, 1]

Score=0.204341031031
[0.01927717238428537, -0.0039081374106571011, -0.016013033951760965, 1.5582436463117462, 1.4062450353788241, 1.5880564794759455, 1.5218326477331803, 1.5869065524874297, 1.5396146674398199, 1, 0.8191303267665859, 0.15436938569538416, 0.09990837731098723, 1, 1]

Score=0.383168582136
[0.01927717238428537, -0.0039081374106571011, -0.015510970677874037, 1.5582436463117462, 1.4066784577093949, 1.5979985294925061, 1.5218326477331803, 1.5869065524874297, 1.5396146674398199, 1, 0.8191303267665859, 1, 1, 1, 1]

Score=0.294465551671
[0.01927717238428537, -0.0039081374106571011, -0.015510970677874037, 1.5582436463117462, 1.4062450353788241, 1.5979985294925061, 1.5302496702763009, 1.5869065524874297, 1.5396146674398199, 1, 1, 0.15436938569538416, 0.09990837731098723, 1, 1]

Score=0.128441749248
[0.019510365531758739, -0.0039081374106571011, -0.015510970677874037, 1.5582436463117462, 1.4062450353788241, 1.6, 1.5302496702763009, 1.5869065524874297, 1.5396146674398199, 1, 0.8191303267665859, 0.15436938569538416, 0.09990837731098723, 1, 1]

Score=0.145608358074
[0.019510365531758739, -0.0039081374106571011, -0.015510970677874037, 1.5582436463117462, 1.4062450353788241, 1.5880564794759455, 1.5302496702763009, 1.5869065524874297, 1.5396146674398199, 1, 0.8191303267665859, 0.15436938569538416, 0.09990837731098723, 1, 1]

Score=0.215553089616
[0.019510365531758739, -0.0039081374106571011, -0.015510970677874037, 1.5582436463117462, 1.4062450353788241, 1.6, 1.5302496702763009, 1.5869065524874297, 1.5396146674398199, 1, 0.8191303267665859, 0.15436938569538416, 0.09990837731098723, 1, 1]

Score=0.201644608479
[0.020801811684194343, -0.0039081374106571011, -0.015510970677874037, 1.5582436463117462, 1.4066784577093949, 1.6, 1.5302496702763009, 1.5869065524874297, 1.5396146674398199, 1, 0.8191303267665859, 0.15436938569538416, 0.09990837731098723, 1, 1]

Score=0.171443320321
[0.019510365531758739, -0.0039081374106571011, -0.015510970677874037, 1.5582436463117462, 1.4062450353788241, 1.6, 1.5302496702763009, 1.5869065524874297, 1.5396146674398199, 1, 0.8191303267665859, 0.15436938569538416, 0.09990837731098723, 1, 1]

Score=0.228464971553
[0.019510365531758739, -0.0039081374106571011, -0.015510970677874037, 1.5582436463117462, 1.4066784577093949, 1.6, 1.5302496702763009, 1.5869065524874297, 1.5396146674398199, 1, 0.8191303267665859, 0.15436938569538416, 0.09990837731098723, 1, 1]




Final Population
[0.019510365531758739, -0.0039081374106571011, -0.015510970677874037, 1.5582436463117462, 1.4066784577093949, 1.5880564794759455, 1.5302496702763009, 1.5869065524874297, 1.5396146674398199, 1, 0.8191303267665859, 0.15436938569538416, 0.09990837731098723, 1, 1]
[0.020801811684194343, -0.0039081374106571011, -0.015510970677874037, 1.5582436463117462, 1.4066784577093949, 1.6, 1.5308734212387329, 1.5869065524874297, 1.5396146674398199, 1, 0.8191303267665859, 0.15436938569538416, 0.09990837731098723, 1, 1]
[0.020801811684194343, -0.0039081374106571011, -0.015510970677874037, 1.5582436463117462, 1.4066784577093949, 1.6, 1.5302496702763009, 1.5869065524874297, 1.5396146674398199, 1, 0.8191303267665859, 0.15436938569538416, 0.09990837731098723, 1, 1]
[0.020801811684194343, -0.0039081374106571011, -0.015510970677874037, 1.5582436463117462, 1.4066784577093949, 1.6, 1.5308734212387329, 1.5869065524874297, 1.5396146674398199, 1, 0.8191303267665859, 0.15436938569538416, 0.09990837731098723, 1, 1]
[0.01927717238428537, -0.0039081374106571011, -0.015510970677874037, 1.5582436463117462, 1.4066784577093949, 1.5979985294925061, 1.5261374453802266, 1.5869065524874297, 1.5396146674398199, 1, 0.8191303267665859, 0.15436938569538416, 0.09990837731098723, 1, 1]
[0.01927717238428537, -0.0039081374106571011, -0.015510970677874037, 1.5582436463117462, 1.4066784577093949, 1.6, 1.5308734212387329, 1.5869065524874297, 1.5396146674398199, 1, 0.8191303267665859, 0.15436938569538416, 0.09990837731098723, 1, 1]
[0.020801811684194343, -0.0039081374106571011, -0.015510970677874037, 1.5582436463117462, 1.4066784577093949, 1.5979985294925061, 1.5302496702763009, 1.5869065524874297, 1.5396146674398199, 1, 0.8191303267665859, 0.15436938569538416, 0.09990837731098723, 1, 1]
[0.01927717238428537, -0.0039081374106571011, -0.015510970677874037, 1.5582436463117462, 1.4066784577093949, 1.5979985294925061, 1.5261374453802266, 1.5869065524874297, 1.5396146674398199, 1, 0.8191303267665859, 0.15436938569538416, 0.09990837731098723, 1, 1]
[0.020801811684194343, -0.0039081374106571011, -0.016870023662805697, 1.5582436463117462, 1.4062450353788241, 1.5979985294925061, 1.5302496702763009, 1.5869065524874297, 1.5396146674398199, 1, 0.8191303267665859, 0.15436938569538416, 0.09990837731098723, 1, 1]
[0.02027763563993052, -0.0039081374106571011, -0.015510970677874037, 1.5582436463117462, 1.4066784577093949, 1.5979985294925061, 1.5218326477331803, 1.5869065524874297, 1.5396146674398199, 1, 0.8191303267665859, 0.15436938569538416, 0.09990837731098723, 1, 1]
[0.020801811684194343, -0.0039081374106571011, -0.015510970677874037, 1.5582436463117462, 1.4066784577093949, 1.5979985294925061, 1.5218326477331803, 1.5869065524874297, 1.5396146674398199, 1, 0.8191303267665859, 0.15436938569538416, 0.09990837731098723, 1, 1]
[0.02027763563993052, -0.0039081374106571011, -0.015510970677874037, 1.5582436463117462, 1.4066784577093949, 1.5979985294925061, 1.5261374453802266, 1.5869065524874297, 1.5396146674398199, 1, 0.8191303267665859, 0.15436938569538416, 0.09990837731098723, 1, 1]
[0.01927717238428537, -0.0039081374106571011, -0.015510970677874037, 1.5582436463117462, 1.4104429450502414, 1.5880564794759455, 1.5218326477331803, 1.5869065524874297, 1.5396146674398199, 1, 0.8191303267665859, 0.15436938569538416, 0.09990837731098723, 1, 1]
[0.02027763563993052, -0.0039081374106571011, -0.015510970677874037, 1.5582436463117462, 1.4066784577093949, 1.5979985294925061, 1.5261374453802266, 1.5869065524874297, 1.5396146674398199, 1, 1, 0.15436938569538416, 0.09990837731098723, 1, 1]
[0.01927717238428537, -0.0039081374106571011, -0.015510970677874037, 1.5582436463117462, 1.4066784577093949, 1.5880564794759455, 1.5218326477331803, 1.5869065524874297, 1.5396146674398199, 1, 1, 0.15436938569538416, 0.09990837731098723, 1, 1]
[0.020801811684194343, -0.0039081374106571011, -0.014764057512661305, 1.5582436463117462, 1.4066784577093949, 1.5979985294925061, 1.5218326477331803, 1.5869065524874297, 1.5396146674398199, 1, 0.8191303267665859, 0.15436938569538416, 0.09990837731098723, 1, 1]
[0.01927717238428537, -0.0039081374106571011, -0.015510970677874037, 1.5582436463117462, 1.4104429450502414, 1.5880564794759455, 1.5218326477331803, 1.5869065524874297, 1.5396146674398199, 1, 1, 0.15436938569538416, 0.09990837731098723, 1, 1]
[0.01927717238428537, -0.0039081374106571011, -0.015510970677874037, 1.5582436463117462, 1.4104429450502414, 1.5880564794759455, 1.5218326477331803, 1.5751418999469173, 1.5396146674398199, 1, 1, 0.15436938569538416, 0.09990837731098723, 1, 1]
[0.01927717238428537, -0.0039081374106571011, -0.015510970677874037, 1.5582436463117462, 1.4104429450502414, 1.5979985294925061, 1.5218326477331803, 1.5869065524874297, 1.5396146674398199, 1, 1, 0.15436938569538416, 0.09990837731098723, 1, 1]
[0.01927717238428537, -0.0039081374106571011, -0.015510970677874037, 1.5582436463117462, 1.4062450353788241, 1.5979985294925061, 1.5218326477331803, 1.5869065524874297, 1.5396146674398199, 1, 1, 0.15436938569538416, 0.09990837731098723, 1, 1]
[0.01927717238428537, -0.0039081374106571011, -0.015510970677874037, 1.5582436463117462, 1.4104429450502414, 1.5979985294925061, 1.5218326477331803, 1.5869065524874297, 1.5396146674398199, 1, 0.8191303267665859, 0.15436938569538416, 0.09990837731098723, 1, 1]
[0.01927717238428537, -0.0039081374106571011, -0.016013033951760965, 1.5582436463117462, 1.4062450353788241, 1.5880564794759455, 1.5218326477331803, 1.5869065524874297, 1.5396146674398199, 1, 0.8191303267665859, 0.15436938569538416, 0.09990837731098723, 1, 1]
[0.01927717238428537, -0.0039081374106571011, -0.015510970677874037, 1.5582436463117462, 1.4066784577093949, 1.5979985294925061, 1.5218326477331803, 1.5869065524874297, 1.5396146674398199, 1, 0.8191303267665859, 1, 1, 1, 1]
[0.01927717238428537, -0.0039081374106571011, -0.015510970677874037, 1.5582436463117462, 1.4062450353788241, 1.5979985294925061, 1.5302496702763009, 1.5869065524874297, 1.5396146674398199, 1, 1, 0.15436938569538416, 0.09990837731098723, 1, 1]
[0.019510365531758739, -0.0039081374106571011, -0.015510970677874037, 1.5582436463117462, 1.4062450353788241, 1.6, 1.5302496702763009, 1.5869065524874297, 1.5396146674398199, 1, 0.8191303267665859, 0.15436938569538416, 0.09990837731098723, 1, 1]
[0.019510365531758739, -0.0039081374106571011, -0.015510970677874037, 1.5582436463117462, 1.4062450353788241, 1.5880564794759455, 1.5302496702763009, 1.5869065524874297, 1.5396146674398199, 1, 0.8191303267665859, 0.15436938569538416, 0.09990837731098723, 1, 1]
[0.019510365531758739, -0.0039081374106571011, -0.015510970677874037, 1.5582436463117462, 1.4062450353788241, 1.6, 1.5302496702763009, 1.5869065524874297, 1.5396146674398199, 1, 0.8191303267665859, 0.15436938569538416, 0.09990837731098723, 1, 1]
[0.020801811684194343, -0.0039081374106571011, -0.015510970677874037, 1.5582436463117462, 1.4066784577093949, 1.6, 1.5302496702763009, 1.5869065524874297, 1.5396146674398199, 1, 0.8191303267665859, 0.15436938569538416, 0.09990837731098723, 1, 1]
[0.019510365531758739, -0.0039081374106571011, -0.015510970677874037, 1.5582436463117462, 1.4062450353788241, 1.6, 1.5302496702763009, 1.5869065524874297, 1.5396146674398199, 1, 0.8191303267665859, 0.15436938569538416, 0.09990837731098723, 1, 1]
[0.019510365531758739, -0.0039081374106571011, -0.015510970677874037, 1.5582436463117462, 1.4066784577093949, 1.6, 1.5302496702763009, 1.5869065524874297, 1.5396146674398199, 1, 0.8191303267665859, 0.15436938569538416, 0.09990837731098723, 1, 1]
