[[-0.02225834365504603,-0.0026008050157662888,-0.00026969817456674752,1.5262678772374878,1.4,1.5490105126703009,1.5169561844024957,1.5156364451495348,1.4,0.7846503852968957,0,0,0.367037215762813,0.28205486543767039,0.00094382749590628257],
 [-0.02225834365504603,-0.0026008050157662888,-0.00026969817456674752,1.5262678772374878,1.4,1.5490105126703009,1.5169561844024957,1.5156364451495348,1.4,0.7846503852968957,0,0,0.367037215762813,0.28205486543767039,0.00094382749590628257],
 [-0.02225834365504603,-0.0026008050157662888,-0.00026969817456674752,1.5262678772374878,1.4,1.5490105126703009,1.5169561844024957,1.5156364451495348,1.4,0.7846503852968957,0,0,0.367037215762813,0.28205486543767039,0.00094382749590628257],
 [-0.022266586915029342,-0.0026008050157662888,-0.00026969817456674752,1.484297830106239,1.4,1.5490105126703009,1.5169561844024957,1.5156364451495348,1.4,0.7846503852968957,0,0,0.367037215762813,0.17223582665924264,0.00094382749590628257],
 [-0.02225834365504603,-0.0026008050157662888,-0.00026969817456674752,1.4,1.4,1.5490105126703009,1.5169561844024957,1.5156364451495348,1.4,0.7846503852968957,0.21125848903901637,0,0.367037215762813,0.17223582665924264,0.00094382749590628257],
 [-0.02225834365504603,-0.0026008050157662888,-0.00026969817456674752,1.484297830106239,1.4,1.5490105126703009,1.5169561844024957,1.5156364451495348,1.4,0.7846503852968957,0,0,0.367037215762813,0.17223582665924264,0.00094382749590628257],
 [-0.02225834365504603,-0.0026008050157662888,-0.00026969817456674752,1.484297830106239,1.4,1.5490105126703009,1.5169561844024957,1.5156364451495348,1.4,0.7846503852968957,0,0,0.367037215762813,0.28205486543767039,0.00094382749590628257],
 [-0.02225834365504603,-0.0026008050157662888,-0.00026969817456674752,1.484297830106239,1.4,1.5490105126703009,1.5169561844024957,1.5156364451495348,1.4,0.7846503852968957,0,0,0.367037215762813,0.17223582665924264,0.00094382749590628257],
 [-0.02225834365504603,-0.0026008050157662888,-0.00026969817456674752,1.484297830106239,1.4,1.5490105126703009,1.5169561844024957,1.5156364451495348,1.4,0.7846503852968957,0,0,0.367037215762813,0.17223582665924264,0.00094382749590628257],
 [-0.02225834365504603,-0.0026008050157662888,-0.00026969817456674752,1.484297830106239,1.4,1.5490105126703009,1.5169561844024957,1.5156364451495348,1.4,0.7846503852968957,0.0065619231833622671,0,0.367037215762813,0.17223582665924264,0.00094382749590628257],
 [-0.02225834365504603,-0.0026008050157662888,-0.00026969817456674752,1.484297830106239,1.4,1.5490105126703009,1.5169561844024957,1.5156364451495348,1.4,0.7846503852968957,0,0,0.367037215762813,0.17223582665924264,0.00094382749590628257],
 [-0.02225834365504603,-0.0026008050157662888,-0.022568869446716322,1.484297830106239,1.4,1.5490105126703009,1.5169561844024957,1.5156364451495348,1.4,0.7846503852968957,0,0.13882531534908479,0.367037215762813,0.17223582665924264,0.00094382749590628257],
 [-0.021388979256934289,-0.0026008050157662888,-0.00026969817456674752,1.484297830106239,1.4,1.5490105126703009,1.5169561844024957,1.5156364451495348,1.4,0.7846503852968957,0,0,0,0.17223582665924264,0.00094382749590628257],
 [-0.021388979256934289,-0.0026008050157662888,-0.00026969817456674752,1.484297830106239,1.4,1.5490105126703009,1.5169561844024957,1.5156364451495348,1.4,0.7846503852968957,0.0065619231833622671,0,0.367037215762813,0.17223582665924264,0.00094382749590628257],
 [-0.02225834365504603,-0.0026008050157662888,-0.00026969817456674752,1.5262678772374878,1.4,1.5490105126703009,1.5169561844024957,1.5156364451495348,1.4,0.7846503852968957,0,0.010166504581417603,0.367037215762813,0.28205486543767039,0.00094382749590628257],
 [-0.021388979256934289,-0.0026008050157662888,-0.00026969817456674752,1.484297830106239,1.4,1.5490105126703009,1.5169561844024957,1.5156364451495348,1.4,0.7846503852968957,0,0.010166504581417603,0.367037215762813,0.17223582665924264,0.00094382749590628257],
 [-0.021388979256934289,-0.0026008050157662888,-0.00026969817456674752,1.484297830106239,1.4,1.5490105126703009,1.5169561844024957,1.5156364451495348,1.4,0.7846503852968957,0.0065619231833622671,0,0.367037215762813,0.17223582665924264,0.00094382749590628257],
 [-0.02225834365504603,-0.0026008050157662888,-0.00026969817456674752,1.5262678772374878,1.4,1.5490105126703009,1.5169561844024957,1.5156364451495348,1.4,0.7846503852968957,0.0065619231833622671,0.010166504581417603,0.367037215762813,0.17223582665924264,0.00094382749590628257],
 [-0.020584483804228153,-0.0026008050157662888,-0.00026969817456674752,1.484297830106239,1.4,1.5490105126703009,1.5169561844024957,1.5156364451495348,1.4,0.7846503852968957,0.0065619231833622671,0.010166504581417603,0.367037215762813,0.17223582665924264,0.00094382749590628257],
 [-0.02225834365504603,-0.0026008050157662888,-0.00026969817456674752,1.5262678772374878,1.4,1.5490105126703009,1.5169561844024957,1.5156364451495348,1.4,0.7846503852968957,0.0065619231833622671,0.010166504581417603,0.367037215762813,0.28205486543767039,0.00094382749590628257],
 [-0.02225834365504603,-0.0026008050157662888,-0.00026969817456674752,1.5262678772374878,1.4,1.5490105126703009,1.5169561844024957,1.5156364451495348,1.4,0.7846503852968957,0,0.010166504581417603,0.367037215762813,0.28205486543767039,0.00094382749590628257],
 [-0.022984718999732617,-0.0026008050157662888,-0.00026969817456674752,1.5262678772374878,1.4,1.5490105126703009,1.5169561844024957,1.5156364451495348,1.4,0.7846503852968957,0,0.010166504581417603,0.367037215762813,0.28205486543767039,0.00094382749590628257],
 [-0.02225834365504603,-0.0026008050157662888,-0.00026969817456674752,1.5262678772374878,1.4,1.5490105126703009,1.5169561844024957,1.5156364451495348,1.4,0.7846503852968957,0,0.010166504581417603,0.367037215762813,0.28205486543767039,0.00094382749590628257],
 [-0.021419250211995089,-0.0026008050157662888,-0.00026969817456674752,1.5262678772374878,1.4,1.5490105126703009,1.5169561844024957,1.5156364451495348,1.4,0.7846503852968957,0,0,0.367037215762813,0.28205486543767039,0.00094382749590628257],
 [-0.02225834365504603,-0.0026008050157662888,-0.00026969817456674752,1.5262678772374878,1.4,1.5490105126703009,1.5169561844024957,1.5156364451495348,1.4,0.7846503852968957,0,0,0.367037215762813,0.28205486543767039,0.00094382749590628257],
 [-0.02225834365504603,-0.0026008050157662888,-0.00026969817456674752,1.5262678772374878,1.4,1.5490105126703009,1.5169561844024957,1.5156364451495348,1.4,0.11426057784096919,0,0,0.367037215762813,0.28205486543767039,0.00094382749590628257],
 [-0.02225834365504603,-0.0026008050157662888,-0.00026969817456674752,1.5262678772374878,1.4,1.5490105126703009,1.5169561844024957,1.5156364451495348,1.4,0.7846503852968957,0.042243091457754484,0,0.367037215762813,0.062829437496008014,0.039451761306110125],
 [-0.02225834365504603,-0.0026008050157662888,-0.00026969817456674752,1.5262678772374878,1.4,1.5490105126703009,1.5169561844024957,1.5156364451495348,1.4,0.7846503852968957,0,0,0.367037215762813,0.28205486543767039,0.00094382749590628257],
 [-0.02225834365504603,-0.0026008050157662888,-0.00026969817456674752,1.4,1.4,1.5490105126703009,1.5169561844024957,1.5156364451495348,1.4,0.7846503852968957,0,0,0.367037215762813,0.28205486543767039,0.039451761306110125],
 [-0.02225834365504603,-0.0026008050157662888,-0.00026969817456674752,1.5262678772374878,1.4,1.5490105126703009,1.5169561844024957,1.4,1.4,0.7846503852968957,0,0,0.367037215762813,0.28205486543767039,0.00094382749590628257]]
Fittest individual
[-0.021388979256934289, -0.0026008050157662888, -0.00026969817456674752, 1.484297830106239, 1.4, 1.5490105126703009, 1.5169561844024957, 1.5156364451495348, 1.4, 0.7846503852968957, 0.0065619231833622671, 0, 0.367037215762813, 0.17223582665924264, 0.00094382749590628257]
Fitness: 0.0656784503466
