Score=0.074708117785
[0.0065342750516958724, -0.00051364600489010696, 1.427562136885423, 1.547501541040194, 0.486844848131448, 0.094738639550160514]

Score=0.281326996051
[0.0065342750516958724, -0.00051364600489010696, 1.427562136885423, 1.547501541040194, 0.486844848131448, 0.080911457054057251]

Score=0.0957431261987
[0.0065342750516958724, -0.00051364600489010696, 1.427562136885423, 1.547501541040194, 0.486844848131448, 0.094738639550160514]

Score=0.312773650772
[0.0065342750516958724, -0.00051364600489010696, 1.427562136885423, 1.547501541040194, 0.486844848131448, 0.094738639550160514]

Score=0.24853098825
[0.0065342750516958724, -0.00051364600489010696, 1.427562136885423, 1.547501541040194, 0.486844848131448, 0.094738639550160514]

Score=0.149293482268
[0.0065342750516958724, -0.00051364600489010696, 1.4, 1.547501541040194, 0.486844848131448, 0.080911457054057251]

Score=0.0989692628342
[0.0065342750516958724, -0.00051364600489010696, 1.4, 1.547501541040194, 0.486844848131448, 0.094738639550160514]

Score=0.128910740767
[0.0065342750516958724, -0.00051364600489010696, 1.4, 1.547501541040194, 0.486844848131448, 0.094738639550160514]

Score=0.141100759448
[0.0058368557545756851, -0.00051364600489010696, 1.427562136885423, 1.547501541040194, 0.486844848131448, 0]

Score=0.368789152558
[0.0065342750516958724, -0.00051364600489010696, 1.4, 1.547501541040194, 0.090013261551428775, 0.094738639550160514]

Score=0.24740586746
[0.0065342750516958724, -0.00051364600489010696, 1.4, 1.547501541040194, 0.486844848131448, 0.094738639550160514]

Score=0.132938584036
[0.0065342750516958724, -0.00051364600489010696, 1.4, 1.547501541040194, 0.486844848131448, 0.094738639550160514]

Score=0.12589271696
[0.0065342750516958724, -0.00051364600489010696, 1.4, 1.547501541040194, 0.486844848131448, 0.094738639550160514]

Score=0.0987458364579
[0.0058368557545756851, -0.00051364600489010696, 1.4, 1.547501541040194, 0.486844848131448, 0.094738639550160514]

Score=0.0955371920656
[0.0065342750516958724, -0.00051364600489010696, 1.427562136885423, 1.547501541040194, 0.486844848131448, 0.094738639550160514]

Score=0.115957356322
[0.0058368557545756851, -0.00051364600489010696, 1.4, 1.547501541040194, 0.486844848131448, 0.094738639550160514]

Score=0.0966883258483
[0.0065342750516958724, -0.00051364600489010696, 1.4, 1.547501541040194, 0.486844848131448, 0.094738639550160514]

Score=0.231987783987
[0.0058368557545756851, -0.00051364600489010696, 1.427562136885423, 1.547501541040194, 0.486844848131448, 0.094738639550160514]

Score=0.162846834102
[0.0065342750516958724, -0.00051364600489010696, 1.4, 1.547501541040194, 0.486844848131448, 0.094738639550160514]

Score=0.0909674519472
[0.0065342750516958724, -0.00051364600489010696, 1.4, 1.547501541040194, 0.486844848131448, 0.094738639550160514]

Score=0.233640698504
[0.0065342750516958724, -0.00051364600489010696, 1.427562136885423, 1.547501541040194, 0.486844848131448, 0.094738639550160514]

Score=0.102115128299
[0.0065342750516958724, -0.00051364600489010696, 1.427562136885423, 1.547501541040194, 0.486844848131448, 0.094738639550160514]

Score=0.14840585508
[0.0065342750516958724, -0.00051364600489010696, 1.4, 1.547501541040194, 0.486844848131448, 0.094738639550160514]

Score=0.129786380666
[0.0065342750516958724, -0.00051364600489010696, 1.427562136885423, 1.547501541040194, 0.486844848131448, 0.094738639550160514]

Score=0.0787090727883
[0.0065342750516958724, -0.00051364600489010696, 1.427562136885423, 1.547501541040194, 0.486844848131448, 0.094738639550160514]

Score=0.131261712034
[0.0065342750516958724, -0.00051364600489010696, 1.427562136885423, 1.547501541040194, 0.486844848131448, 0.094738639550160514]

Score=0.0966734752699
[0.0065342750516958724, -0.00051364600489010696, 1.427562136885423, 1.547501541040194, 0.486844848131448, 0.080911457054057251]

Score=0.211045457301
[0.0065342750516958724, -0.00051364600489010696, 1.427562136885423, 1.547501541040194, 0.486844848131448, 0.094738639550160514]

Score=0.118365412058
[0.0065342750516958724, -0.00051364600489010696, 1.427562136885423, 1.547501541040194, 0.486844848131448, 0.094738639550160514]

Score=0.206297498611
[0.0065342750516958724, -0.00051364600489010696, 1.427562136885423, 1.547501541040194, 0.486844848131448, 0.094738639550160514]




Final Population
[0.0065342750516958724, -0.00051364600489010696, 1.427562136885423, 1.547501541040194, 0.486844848131448, 0.094738639550160514]
[0.0065342750516958724, -0.00051364600489010696, 1.427562136885423, 1.547501541040194, 0.486844848131448, 0.080911457054057251]
[0.0065342750516958724, -0.00051364600489010696, 1.427562136885423, 1.547501541040194, 0.486844848131448, 0.094738639550160514]
[0.0065342750516958724, -0.00051364600489010696, 1.427562136885423, 1.547501541040194, 0.486844848131448, 0.094738639550160514]
[0.0065342750516958724, -0.00051364600489010696, 1.427562136885423, 1.547501541040194, 0.486844848131448, 0.094738639550160514]
[0.0065342750516958724, -0.00051364600489010696, 1.4, 1.547501541040194, 0.486844848131448, 0.080911457054057251]
[0.0065342750516958724, -0.00051364600489010696, 1.4, 1.547501541040194, 0.486844848131448, 0.094738639550160514]
[0.0065342750516958724, -0.00051364600489010696, 1.4, 1.547501541040194, 0.486844848131448, 0.094738639550160514]
[0.0058368557545756851, -0.00051364600489010696, 1.427562136885423, 1.547501541040194, 0.486844848131448, 0]
[0.0065342750516958724, -0.00051364600489010696, 1.4, 1.547501541040194, 0.090013261551428775, 0.094738639550160514]
[0.0065342750516958724, -0.00051364600489010696, 1.4, 1.547501541040194, 0.486844848131448, 0.094738639550160514]
[0.0065342750516958724, -0.00051364600489010696, 1.4, 1.547501541040194, 0.486844848131448, 0.094738639550160514]
[0.0065342750516958724, -0.00051364600489010696, 1.4, 1.547501541040194, 0.486844848131448, 0.094738639550160514]
[0.0058368557545756851, -0.00051364600489010696, 1.4, 1.547501541040194, 0.486844848131448, 0.094738639550160514]
[0.0065342750516958724, -0.00051364600489010696, 1.427562136885423, 1.547501541040194, 0.486844848131448, 0.094738639550160514]
[0.0058368557545756851, -0.00051364600489010696, 1.4, 1.547501541040194, 0.486844848131448, 0.094738639550160514]
[0.0065342750516958724, -0.00051364600489010696, 1.4, 1.547501541040194, 0.486844848131448, 0.094738639550160514]
[0.0058368557545756851, -0.00051364600489010696, 1.427562136885423, 1.547501541040194, 0.486844848131448, 0.094738639550160514]
[0.0065342750516958724, -0.00051364600489010696, 1.4, 1.547501541040194, 0.486844848131448, 0.094738639550160514]
[0.0065342750516958724, -0.00051364600489010696, 1.4, 1.547501541040194, 0.486844848131448, 0.094738639550160514]
[0.0065342750516958724, -0.00051364600489010696, 1.427562136885423, 1.547501541040194, 0.486844848131448, 0.094738639550160514]
[0.0065342750516958724, -0.00051364600489010696, 1.427562136885423, 1.547501541040194, 0.486844848131448, 0.094738639550160514]
[0.0065342750516958724, -0.00051364600489010696, 1.4, 1.547501541040194, 0.486844848131448, 0.094738639550160514]
[0.0065342750516958724, -0.00051364600489010696, 1.427562136885423, 1.547501541040194, 0.486844848131448, 0.094738639550160514]
[0.0065342750516958724, -0.00051364600489010696, 1.427562136885423, 1.547501541040194, 0.486844848131448, 0.094738639550160514]
[0.0065342750516958724, -0.00051364600489010696, 1.427562136885423, 1.547501541040194, 0.486844848131448, 0.094738639550160514]
[0.0065342750516958724, -0.00051364600489010696, 1.427562136885423, 1.547501541040194, 0.486844848131448, 0.080911457054057251]
[0.0065342750516958724, -0.00051364600489010696, 1.427562136885423, 1.547501541040194, 0.486844848131448, 0.094738639550160514]
[0.0065342750516958724, -0.00051364600489010696, 1.427562136885423, 1.547501541040194, 0.486844848131448, 0.094738639550160514]
[0.0065342750516958724, -0.00051364600489010696, 1.427562136885423, 1.547501541040194, 0.486844848131448, 0.094738639550160514]

[0.0065342750516958724, -0.00051364600489010696, 1.427562136885423, 1.547501541040194, 0.486844848131448, 0.094738639550160514]
Fitness: 0.074708117785