Score=0.0740667956829
[0.066854506661658208, -0.016054975161765565, -0.0099148250331080774, 1.5820192906249351, 1.40011004603279, 1.4947056086663628, 1.4, 1.539039341360442, 1.4372235419325299, 1, 1, 0.3066188749894846, 0.23354678297422582, 0.3899771328992091, 0.17733083804406102]

Score=0.0742762924135
[0.066854506661658208, -0.016054975161765565, -0.0099148250331080774, 1.5820192906249351, 1.40011004603279, 1.4941583772338847, 1.4, 1.539039341360442, 1.4372235419325299, 1, 1, 0.3066188749894846, 0.23354678297422582, 0.3899771328992091, 0.17733083804406102]

Score=0.0746171640082
[0.066854506661658208, -0.016054975161765565, -0.0099148250331080774, 1.5820192906249351, 1.40011004603279, 1.4941583772338847, 1.4, 1.539039341360442, 1.4372235419325299, 1, 1, 0.3066188749894846, 0.23354678297422582, 0.3899771328992091, 0.17733083804406102]

Score=0.0953093519823
[0.066854506661658208, -0.016054975161765565, -0.0099148250331080774, 1.5820192906249351, 1.40011004603279, 1.4941583772338847, 1.4, 1.539039341360442, 1.4372235419325299, 1, 1, 0.3066188749894846, 0.23354678297422582, 1, 0.17733083804406102]

Score=0.0743590605696
[0.066854506661658208, -0.016054975161765565, -0.0099148250331080774, 1.5820192906249351, 1.40011004603279, 1.4941583772338847, 1.4, 1.539039341360442, 1.4372235419325299, 1, 1, 0.3066188749894846, 0.23354678297422582, 0.3899771328992091, 0.17733083804406102]

Score=0.0742474275694
[0.066854506661658208, -0.016054975161765565, -0.0099148250331080774, 1.5820192906249351, 1.40011004603279, 1.4941583772338847, 1.4, 1.539039341360442, 1.4372235419325299, 1, 1, 0.3066188749894846, 0.23354678297422582, 0.3899771328992091, 0.17733083804406102]

Score=0.0743718994488
[0.066854506661658208, -0.016054975161765565, -0.0099148250331080774, 1.5820192906249351, 1.40011004603279, 1.4941583772338847, 1.4, 1.539039341360442, 1.4372235419325299, 1, 1, 0.3066188749894846, 0.23354678297422582, 0.3899771328992091, 0.17733083804406102]

Score=0.0742527631931
[0.066854506661658208, -0.016054975161765565, -0.0099148250331080774, 1.5820192906249351, 1.40011004603279, 1.4941583772338847, 1.4, 1.539039341360442, 1.4372235419325299, 1, 1, 0.3066188749894846, 0.23354678297422582, 0.3899771328992091, 0.17733083804406102]

Score=0.0742074391447
[0.066854506661658208, -0.016054975161765565, -0.0099148250331080774, 1.5820192906249351, 1.40011004603279, 1.4941583772338847, 1.4, 1.539039341360442, 1.4372235419325299, 1, 1, 0.3066188749894846, 0.23354678297422582, 0.3899771328992091, 0.17733083804406102]

Score=0.273710164577
[0.066854506661658208, -0.016054975161765565, -0.0099148250331080774, 1.5820192906249351, 1.40011004603279, 1.4941583772338847, 1.4, 1.5321903643705217, 1.4372235419325299, 1, 1, 0.3066188749894846, 1, 0.3899771328992091, 0.17733083804406102]

Score=0.0741884160474
[0.066854506661658208, -0.016054975161765565, -0.0099148250331080774, 1.5820192906249351, 1.40011004603279, 1.4941583772338847, 1.4, 1.539039341360442, 1.4372235419325299, 1, 1, 0.3066188749894846, 0.23354678297422582, 0.3899771328992091, 0.17733083804406102]

Score=0.074452000246
[0.066854506661658208, -0.016054975161765565, -0.0099148250331080774, 1.5820192906249351, 1.40011004603279, 1.4947056086663628, 1.4, 1.539039341360442, 1.4372235419325299, 1, 1, 0.3066188749894846, 0.23354678297422582, 0.3899771328992091, 0.17733083804406102]

Score=0.0741221505612
[0.066854506661658208, -0.016054975161765565, -0.0099148250331080774, 1.5820192906249351, 1.40011004603279, 1.4947056086663628, 1.402974080627726, 1.539039341360442, 1.4132385747121232, 1, 1, 0.3066188749894846, 0.23354678297422582, 0.3899771328992091, 0.17733083804406102]

Score=0.0742678802572
[0.066854506661658208, -0.016054975161765565, -0.0099148250331080774, 1.5820192906249351, 1.40011004603279, 1.4947056086663628, 1.402974080627726, 1.5277883328758739, 1.4132385747121232, 1, 1, 0.3066188749894846, 0.23354678297422582, 0.3899771328992091, 0.17733083804406102]

Score=0.0742915552693
[0.066854506661658208, -0.016054975161765565, -0.0099148250331080774, 1.5820192906249351, 1.40011004603279, 1.4947056086663628, 1.402974080627726, 1.539039341360442, 1.4132385747121232, 1, 1, 0.3066188749894846, 0.23354678297422582, 0.3899771328992091, 0.17733083804406102]

Score=0.0744451513523
[0.066854506661658208, -0.016054975161765565, -0.0099148250331080774, 1.5820192906249351, 1.40011004603279, 1.4947056086663628, 1.4, 1.539039341360442, 1.4132385747121232, 1, 1, 0.3066188749894846, 0.23354678297422582, 0.3899771328992091, 0.17733083804406102]

Score=0.0742840029009
[0.066854506661658208, -0.016054975161765565, -0.0099148250331080774, 1.5820192906249351, 1.40011004603279, 1.4947056086663628, 1.4, 1.5277883328758739, 1.4503769764569792, 1, 1, 0.3066188749894846, 0.23354678297422582, 0.3899771328992091, 0.17733083804406102]

Score=0.0741590318449
[0.066854506661658208, -0.016054975161765565, -0.0099148250331080774, 1.5820192906249351, 1.40011004603279, 1.4947056086663628, 1.402974080627726, 1.5277883328758739, 1.4503769764569792, 1, 1, 0.3066188749894846, 0.23354678297422582, 0.3899771328992091, 0.17733083804406102]

Score=0.0970107818456
[0.066854506661658208, -0.016054975161765565, -0.0099148250331080774, 1.5820192906249351, 1.40011004603279, 1.4947056086663628, 1.402974080627726, 1.539039341360442, 1.4132385747121232, 1, 1, 0.3066188749894846, 0.23354678297422582, 0.3899771328992091, 1]

Score=0.0743026139684
[0.066854506661658208, -0.016054975161765565, -0.0099148250331080774, 1.5820192906249351, 1.40011004603279, 1.4947056086663628, 1.4, 1.5277883328758739, 1.4367649191699066, 1, 1, 0.3066188749894846, 0.23354678297422582, 0.3899771328992091, 0.17733083804406102]

Score=0.0745024143395
[0.066854506661658208, -0.016054975161765565, -0.0099148250331080774, 1.5820192906249351, 1.40011004603279, 1.4947056086663628, 1.4, 1.5277883328758739, 1.4503769764569792, 1, 1, 0.3066188749894846, 0.23354678297422582, 0.3899771328992091, 0.17733083804406102]

Score=0.0741673048904
[0.066854506661658208, -0.016054975161765565, -0.0099148250331080774, 1.5820192906249351, 1.40011004603279, 1.4941583772338847, 1.4, 1.539039341360442, 1.4132385747121232, 1, 1, 0.3066188749894846, 0.23354678297422582, 0.3899771328992091, 0.17733083804406102]

Score=0.074144805354
[0.066854506661658208, -0.016054975161765565, -0.0099148250331080774, 1.5820192906249351, 1.40011004603279, 1.4947056086663628, 1.4, 1.539039341360442, 1.4367649191699066, 1, 1, 0.3066188749894846, 0.23354678297422582, 0.3899771328992091, 0.17733083804406102]

Score=0.0741628415475
[0.066854506661658208, -0.016054975161765565, -0.0099148250331080774, 1.5820192906249351, 1.40011004603279, 1.4947056086663628, 1.4, 1.539039341360442, 1.4372235419325299, 1, 1, 0.3066188749894846, 0.23354678297422582, 0.3899771328992091, 0.17733083804406102]

Score=0.0740698098166
[0.066854506661658208, -0.016054975161765565, -0.0099148250331080774, 1.5820192906249351, 1.40011004603279, 1.4947056086663628, 1.4, 1.539039341360442, 1.4367649191699066, 1, 1, 0.3066188749894846, 0.23354678297422582, 0.3899771328992091, 0.17733083804406102]

Score=0.259075859744
[0.066854506661658208, -0.016054975161765565, -0.0099148250331080774, 1.5820192906249351, 1.40011004603279, 1.4947056086663628, 1.4, 1.539039341360442, 1.4132385747121232, 1, 1, 0.3066188749894846, 1, 0.3899771328992091, 0.17733083804406102]

Score=0.0742412905911
[0.066854506661658208, -0.016054975161765565, -0.0099148250331080774, 1.5820192906249351, 1.40011004603279, 1.4947056086663628, 1.4, 1.539039341360442, 1.4372235419325299, 1, 1, 0.3066188749894846, 0.23354678297422582, 0.3899771328992091, 0.17733083804406102]

Score=0.074341878795
[0.066854506661658208, -0.016054975161765565, -0.0099148250331080774, 1.5820192906249351, 1.40011004603279, 1.4941583772338847, 1.4, 1.539039341360442, 1.4132385747121232, 1, 1, 0.3066188749894846, 0.23354678297422582, 0.3899771328992091, 0.17733083804406102]

Score=0.0743544397199
[0.066854506661658208, -0.016054975161765565, -0.0099148250331080774, 1.5820192906249351, 1.40011004603279, 1.4947056086663628, 1.4, 1.539039341360442, 1.4372235419325299, 1, 1, 0.3066188749894846, 0.23354678297422582, 0.3899771328992091, 0.17733083804406102]

Score=0.0743045157179
[0.066854506661658208, -0.016054975161765565, -0.0099148250331080774, 1.5820192906249351, 1.40011004603279, 1.4947056086663628, 1.4, 1.539039341360442, 1.4372235419325299, 1, 1, 0.3066188749894846, 0.23354678297422582, 0.3899771328992091, 0.17733083804406102]




Final Population
[0.066854506661658208, -0.016054975161765565, -0.0099148250331080774, 1.5820192906249351, 1.40011004603279, 1.4947056086663628, 1.4, 1.539039341360442, 1.4372235419325299, 1, 1, 0.3066188749894846, 0.23354678297422582, 0.3899771328992091, 0.17733083804406102]
[0.066854506661658208, -0.016054975161765565, -0.0099148250331080774, 1.5820192906249351, 1.40011004603279, 1.4941583772338847, 1.4, 1.539039341360442, 1.4372235419325299, 1, 1, 0.3066188749894846, 0.23354678297422582, 0.3899771328992091, 0.17733083804406102]
[0.066854506661658208, -0.016054975161765565, -0.0099148250331080774, 1.5820192906249351, 1.40011004603279, 1.4941583772338847, 1.4, 1.539039341360442, 1.4372235419325299, 1, 1, 0.3066188749894846, 0.23354678297422582, 0.3899771328992091, 0.17733083804406102]
[0.066854506661658208, -0.016054975161765565, -0.0099148250331080774, 1.5820192906249351, 1.40011004603279, 1.4941583772338847, 1.4, 1.539039341360442, 1.4372235419325299, 1, 1, 0.3066188749894846, 0.23354678297422582, 1, 0.17733083804406102]
[0.066854506661658208, -0.016054975161765565, -0.0099148250331080774, 1.5820192906249351, 1.40011004603279, 1.4941583772338847, 1.4, 1.539039341360442, 1.4372235419325299, 1, 1, 0.3066188749894846, 0.23354678297422582, 0.3899771328992091, 0.17733083804406102]
[0.066854506661658208, -0.016054975161765565, -0.0099148250331080774, 1.5820192906249351, 1.40011004603279, 1.4941583772338847, 1.4, 1.539039341360442, 1.4372235419325299, 1, 1, 0.3066188749894846, 0.23354678297422582, 0.3899771328992091, 0.17733083804406102]
[0.066854506661658208, -0.016054975161765565, -0.0099148250331080774, 1.5820192906249351, 1.40011004603279, 1.4941583772338847, 1.4, 1.539039341360442, 1.4372235419325299, 1, 1, 0.3066188749894846, 0.23354678297422582, 0.3899771328992091, 0.17733083804406102]
[0.066854506661658208, -0.016054975161765565, -0.0099148250331080774, 1.5820192906249351, 1.40011004603279, 1.4941583772338847, 1.4, 1.539039341360442, 1.4372235419325299, 1, 1, 0.3066188749894846, 0.23354678297422582, 0.3899771328992091, 0.17733083804406102]
[0.066854506661658208, -0.016054975161765565, -0.0099148250331080774, 1.5820192906249351, 1.40011004603279, 1.4941583772338847, 1.4, 1.539039341360442, 1.4372235419325299, 1, 1, 0.3066188749894846, 0.23354678297422582, 0.3899771328992091, 0.17733083804406102]
[0.066854506661658208, -0.016054975161765565, -0.0099148250331080774, 1.5820192906249351, 1.40011004603279, 1.4941583772338847, 1.4, 1.5321903643705217, 1.4372235419325299, 1, 1, 0.3066188749894846, 1, 0.3899771328992091, 0.17733083804406102]
[0.066854506661658208, -0.016054975161765565, -0.0099148250331080774, 1.5820192906249351, 1.40011004603279, 1.4941583772338847, 1.4, 1.539039341360442, 1.4372235419325299, 1, 1, 0.3066188749894846, 0.23354678297422582, 0.3899771328992091, 0.17733083804406102]
[0.066854506661658208, -0.016054975161765565, -0.0099148250331080774, 1.5820192906249351, 1.40011004603279, 1.4947056086663628, 1.4, 1.539039341360442, 1.4372235419325299, 1, 1, 0.3066188749894846, 0.23354678297422582, 0.3899771328992091, 0.17733083804406102]
[0.066854506661658208, -0.016054975161765565, -0.0099148250331080774, 1.5820192906249351, 1.40011004603279, 1.4947056086663628, 1.402974080627726, 1.539039341360442, 1.4132385747121232, 1, 1, 0.3066188749894846, 0.23354678297422582, 0.3899771328992091, 0.17733083804406102]
[0.066854506661658208, -0.016054975161765565, -0.0099148250331080774, 1.5820192906249351, 1.40011004603279, 1.4947056086663628, 1.402974080627726, 1.5277883328758739, 1.4132385747121232, 1, 1, 0.3066188749894846, 0.23354678297422582, 0.3899771328992091, 0.17733083804406102]
[0.066854506661658208, -0.016054975161765565, -0.0099148250331080774, 1.5820192906249351, 1.40011004603279, 1.4947056086663628, 1.402974080627726, 1.539039341360442, 1.4132385747121232, 1, 1, 0.3066188749894846, 0.23354678297422582, 0.3899771328992091, 0.17733083804406102]
[0.066854506661658208, -0.016054975161765565, -0.0099148250331080774, 1.5820192906249351, 1.40011004603279, 1.4947056086663628, 1.4, 1.539039341360442, 1.4132385747121232, 1, 1, 0.3066188749894846, 0.23354678297422582, 0.3899771328992091, 0.17733083804406102]
[0.066854506661658208, -0.016054975161765565, -0.0099148250331080774, 1.5820192906249351, 1.40011004603279, 1.4947056086663628, 1.4, 1.5277883328758739, 1.4503769764569792, 1, 1, 0.3066188749894846, 0.23354678297422582, 0.3899771328992091, 0.17733083804406102]
[0.066854506661658208, -0.016054975161765565, -0.0099148250331080774, 1.5820192906249351, 1.40011004603279, 1.4947056086663628, 1.402974080627726, 1.5277883328758739, 1.4503769764569792, 1, 1, 0.3066188749894846, 0.23354678297422582, 0.3899771328992091, 0.17733083804406102]
[0.066854506661658208, -0.016054975161765565, -0.0099148250331080774, 1.5820192906249351, 1.40011004603279, 1.4947056086663628, 1.402974080627726, 1.539039341360442, 1.4132385747121232, 1, 1, 0.3066188749894846, 0.23354678297422582, 0.3899771328992091, 1]
[0.066854506661658208, -0.016054975161765565, -0.0099148250331080774, 1.5820192906249351, 1.40011004603279, 1.4947056086663628, 1.4, 1.5277883328758739, 1.4367649191699066, 1, 1, 0.3066188749894846, 0.23354678297422582, 0.3899771328992091, 0.17733083804406102]
[0.066854506661658208, -0.016054975161765565, -0.0099148250331080774, 1.5820192906249351, 1.40011004603279, 1.4947056086663628, 1.4, 1.5277883328758739, 1.4503769764569792, 1, 1, 0.3066188749894846, 0.23354678297422582, 0.3899771328992091, 0.17733083804406102]
[0.066854506661658208, -0.016054975161765565, -0.0099148250331080774, 1.5820192906249351, 1.40011004603279, 1.4941583772338847, 1.4, 1.539039341360442, 1.4132385747121232, 1, 1, 0.3066188749894846, 0.23354678297422582, 0.3899771328992091, 0.17733083804406102]
[0.066854506661658208, -0.016054975161765565, -0.0099148250331080774, 1.5820192906249351, 1.40011004603279, 1.4947056086663628, 1.4, 1.539039341360442, 1.4367649191699066, 1, 1, 0.3066188749894846, 0.23354678297422582, 0.3899771328992091, 0.17733083804406102]
[0.066854506661658208, -0.016054975161765565, -0.0099148250331080774, 1.5820192906249351, 1.40011004603279, 1.4947056086663628, 1.4, 1.539039341360442, 1.4372235419325299, 1, 1, 0.3066188749894846, 0.23354678297422582, 0.3899771328992091, 0.17733083804406102]
[0.066854506661658208, -0.016054975161765565, -0.0099148250331080774, 1.5820192906249351, 1.40011004603279, 1.4947056086663628, 1.4, 1.539039341360442, 1.4367649191699066, 1, 1, 0.3066188749894846, 0.23354678297422582, 0.3899771328992091, 0.17733083804406102]
[0.066854506661658208, -0.016054975161765565, -0.0099148250331080774, 1.5820192906249351, 1.40011004603279, 1.4947056086663628, 1.4, 1.539039341360442, 1.4132385747121232, 1, 1, 0.3066188749894846, 1, 0.3899771328992091, 0.17733083804406102]
[0.066854506661658208, -0.016054975161765565, -0.0099148250331080774, 1.5820192906249351, 1.40011004603279, 1.4947056086663628, 1.4, 1.539039341360442, 1.4372235419325299, 1, 1, 0.3066188749894846, 0.23354678297422582, 0.3899771328992091, 0.17733083804406102]
[0.066854506661658208, -0.016054975161765565, -0.0099148250331080774, 1.5820192906249351, 1.40011004603279, 1.4941583772338847, 1.4, 1.539039341360442, 1.4132385747121232, 1, 1, 0.3066188749894846, 0.23354678297422582, 0.3899771328992091, 0.17733083804406102]
[0.066854506661658208, -0.016054975161765565, -0.0099148250331080774, 1.5820192906249351, 1.40011004603279, 1.4947056086663628, 1.4, 1.539039341360442, 1.4372235419325299, 1, 1, 0.3066188749894846, 0.23354678297422582, 0.3899771328992091, 0.17733083804406102]
[0.066854506661658208, -0.016054975161765565, -0.0099148250331080774, 1.5820192906249351, 1.40011004603279, 1.4947056086663628, 1.4, 1.539039341360442, 1.4372235419325299, 1, 1, 0.3066188749894846, 0.23354678297422582, 0.3899771328992091, 0.17733083804406102]
